4 0.12109375 0.2763671875 0.1064453125 0.087890625
4 0.2734375 0.396484375 0.06640625 0.1181640625
4 0.2958984375 0.28515625 0.05859375 0.091796875
4 0.4150390625 0.453125 0.0947265625 0.1513671875
4 0.623046875 0.486328125 0.103515625 0.142578125
4 0.9091796875 0.380859375 0.1484375 0.1220703125
4 0.89453125 0.7900390625 0.2109375 0.2333984375
4 0.501953125 0.3232421875 0.0908203125 0.171875
4 0.44140625 0.267578125 0.0419921875 0.0625
4 0.3662109375 0.244140625 0.041015625 0.056640625
4 0.380859375 0.203125 0.02734375 0.0498046875
4 0.3662109375 0.1357421875 0.025390625 0.0361328125
4 0.3935546875 0.1337890625 0.025390625 0.0361328125
4 0.423828125 0.2080078125 0.029296875 0.056640625