4 0.412109375 0.7900390625 0.2001953125 0.3603515625
4 0.2373046875 0.3974609375 0.08203125 0.1357421875
4 0.8203125 0.5166015625 0.1455078125 0.203125
4 0.7978515625 0.296875 0.1064453125 0.158203125
4 0.6015625 0.33984375 0.072265625 0.1533203125
4 0.4755859375 0.3173828125 0.138671875 0.2529296875
4 0.625 0.2802734375 0.08203125 0.123046875
4 0.2158203125 0.2314453125 0.1083984375 0.1708984375
0 0.3583984375 0.421875 0.04296875 0.158203125
0 0.845703125 0.66015625 0.0751953125 0.2763671875
9 0.876953125 0.271484375 0.025390625 0.1357421875
9 0.4375 0.4482421875 0.0556640625 0.0732421875