0 0.8056640625 0.2509765625 0.021484375 0.0654296875
9 0.6279296875 0.318359375 0.017578125 0.095703125
9 0.58203125 0.3251953125 0.025390625 0.091796875
4 0.923828125 0.1044921875 0.021484375 0.033203125
4 0.8818359375 0.181640625 0.0322265625 0.044921875
4 0.796875 0.169921875 0.0283203125 0.0498046875
4 0.7666015625 0.1884765625 0.033203125 0.0458984375
4 0.7626953125 0.2509765625 0.0439453125 0.0732421875
4 0.4375 0.4140625 0.1455078125 0.0947265625
4 0.1865234375 0.54296875 0.236328125 0.326171875
4 0.224609375 0.3212890625 0.162109375 0.1279296875
4 0.353515625 0.3515625 0.1025390625 0.08984375