0 0.8056640625 0.2509765625 0.021484375 0.06494140625
9 0.6279296875 0.318359375 0.017578125 0.0966796875
9 0.58203125 0.3251953125 0.0244140625 0.091796875
4 0.923828125 0.1044921875 0.0205078125 0.033203125
4 0.8818359375 0.181640625 0.03271484375 0.0439453125
4 0.796875 0.169921875 0.02783203125 0.05029296875
4 0.7666015625 0.1884765625 0.033203125 0.04541015625
4 0.7626953125 0.2509765625 0.04443359375 0.07275390625
4 0.4375 0.4140625 0.14501953125 0.09423828125
4 0.1865234375 0.54296875 0.236328125 0.3271484375
4 0.224609375 0.3212890625 0.1611328125 0.12744140625
4 0.353515625 0.3515625 0.10205078125 0.08984375