4 0.7158203125 0.4423828125 0.162109375 0.12255859375
4 0.8232421875 0.2490234375 0.04150390625 0.07177734375
4 0.796875 0.171875 0.02734375 0.04638671875
4 0.765625 0.19140625 0.04248046875 0.0458984375
4 0.8759765625 0.142578125 0.02734375 0.04638671875
4 0.716796875 0.28515625 0.046875 0.07470703125
4 0.322265625 0.359375 0.19140625 0.1728515625
4 0.16796875 0.263671875 0.05859375 0.0625
4 0.1826171875 0.5537109375 0.232421875 0.330078125
9 0.5419921875 0.8408203125 0.119140625 0.08349609375
9 0.859375 0.3232421875 0.03515625 0.107421875
9 0.767578125 0.3232421875 0.03076171875 0.099609375
9 0.689453125 0.328125 0.0361328125 0.09423828125
4 0.3896484375 0.345703125 0.072265625 0.07861328125