4 0.115234375 0.2744140625 0.1083984375 0.091796875
4 0.361328125 0.140625 0.021484375 0.037109375
4 0.904296875 0.384765625 0.15234375 0.111328125
4 0.71875 0.5654296875 0.130859375 0.1650390625
4 0.626953125 0.7724609375 0.1962890625 0.2958984375
4 0.3603515625 0.578125 0.154296875 0.1552734375
4 0.314453125 0.3994140625 0.080078125 0.15234375
4 0.5419921875 0.3876953125 0.0810546875 0.099609375
4 0.4931640625 0.306640625 0.0537109375 0.078125
4 0.3681640625 0.3046875 0.048828125 0.08203125
4 0.453125 0.2412109375 0.048828125 0.091796875
4 0.37109375 0.24609375 0.0419921875 0.0615234375
4 0.3779296875 0.078125 0.021484375 0.0458984375
4 0.3984375 0.1552734375 0.021484375 0.037109375
4 0.3701171875 0.1748046875 0.0224609375 0.048828125