4 0.2392578125 0.3896484375 0.076171875 0.13916015625
4 0.3935546875 0.759765625 0.185546875 0.30126953125
4 0.791015625 0.4990234375 0.1376953125 0.1953125
4 0.794921875 0.28125 0.1064453125 0.15625
4 0.5859375 0.3369140625 0.06201171875 0.142578125
4 0.462890625 0.3017578125 0.1279296875 0.24853515625
4 0.2197265625 0.2275390625 0.09912109375 0.17041015625
4 0.623046875 0.2822265625 0.07861328125 0.13134765625
0 0.3515625 0.41015625 0.05419921875 0.1552734375
9 0.8828125 0.275390625 0.03076171875 0.13232421875
0 0.8271484375 0.6396484375 0.068359375 0.248046875