9 0.30859375 0.2080078125 0.02001953125 0.08203125
9 0.330078125 0.19140625 0.02001953125 0.07470703125
9 0.7109375 0.283203125 0.01611328125 0.10888671875
9 0.73046875 0.2861328125 0.02001953125 0.08984375
4 0.3154296875 0.3525390625 0.060546875 0.11474609375
4 0.064453125 0.236328125 0.08984375 0.06982421875
4 0.3896484375 0.21875 0.064453125 0.08203125
4 0.4599609375 0.2900390625 0.080078125 0.08984375
4 0.6435546875 0.38671875 0.138671875 0.0859375
4 0.794921875 0.3427734375 0.1015625 0.07275390625
4 0.919921875 0.53515625 0.16015625 0.2802734375