4 0.38671875 0.2021484375 0.05810546875 0.06494140625
4 0.4765625 0.197265625 0.0478515625 0.06640625
4 0.3642578125 0.279296875 0.06884765625 0.11767578125
4 0.27734375 0.212890625 0.06640625 0.0859375
4 0.2646484375 0.3544921875 0.0859375 0.134765625
4 0.1259765625 0.2431640625 0.05712890625 0.07958984375
4 0.0927734375 0.2080078125 0.04443359375 0.08984375
4 0.6259765625 0.43359375 0.19921875 0.1337890625
4 0.666015625 0.28125 0.07861328125 0.11376953125
4 0.7900390625 0.24609375 0.05078125 0.0859375
4 0.65625 0.146484375 0.05126953125 0.05029296875
4 0.6865234375 0.0849609375 0.05224609375 0.06884765625
4 0.54296875 0.107421875 0.0380859375 0.0576171875
4 0.4384765625 0.09765625 0.05615234375 0.08984375
4 0.318359375 0.126953125 0.04248046875 0.0498046875
4 0.1904296875 0.23828125 0.07177734375 0.08203125
4 0.66796875 0.6171875 0.109375 0.18701171875
4 0.818359375 0.7021484375 0.19580078125 0.27587890625