0 0.2744140625 0.6748046875 0.0625 0.1953125
0 0.1494140625 0.53125 0.04931640625 0.17626953125
0 0.234375 0.4609375 0.05859375 0.16845703125
0 0.3095703125 0.517578125 0.05859375 0.16357421875
0 0.908203125 0.580078125 0.08251953125 0.18408203125
0 0.7099609375 0.2734375 0.05224609375 0.1318359375
0 0.763671875 0.2177734375 0.04638671875 0.13525390625
0 0.8193359375 0.3125 0.04052734375 0.14404296875
0 0.9033203125 0.330078125 0.060546875 0.15234375
0 0.8232421875 0.1875 0.05859375 0.1103515625
4 0.759765625 0.8369140625 0.16748046875 0.31005859375
0 0.9072265625 0.2080078125 0.04443359375 0.10009765625
4 0.119140625 0.25 0.11669921875 0.14892578125