4 0.287109375 0.4677734375 0.083984375 0.1220703125
4 0.439453125 0.4912109375 0.111328125 0.173828125
4 0.5703125 0.4306640625 0.087890625 0.119140625
4 0.771484375 0.658203125 0.158203125 0.193359375
4 0.9033203125 0.384765625 0.150390625 0.119140625
4 0.1220703125 0.2734375 0.1064453125 0.08984375
4 0.294921875 0.3173828125 0.064453125 0.107421875
4 0.4814453125 0.30078125 0.068359375 0.14453125
4 0.4345703125 0.2490234375 0.029296875 0.0625
4 0.3642578125 0.2529296875 0.044921875 0.0654296875
4 0.3720703125 0.193359375 0.029296875 0.0419921875
4 0.3583984375 0.12109375 0.0185546875 0.0361328125
4 0.384765625 0.0927734375 0.025390625 0.048828125
4 0.408203125 0.1650390625 0.0234375 0.037109375