4 0.0732421875 0.671875 0.146484375 0.3251953125
4 0.1435546875 0.2568359375 0.048828125 0.0732421875
4 0.818359375 0.12109375 0.0419921875 0.0751953125
4 0.986328125 0.09765625 0.0263671875 0.052734375
4 0.953125 0.1455078125 0.0322265625 0.078125
4 0.90625 0.125 0.0341796875 0.056640625
4 0.859375 0.0966796875 0.0400390625 0.06640625
4 0.5517578125 0.7490234375 0.265625 0.3359375
4 0.5869140625 0.4013671875 0.1591796875 0.1650390625
4 0.20703125 0.3515625 0.0810546875 0.0947265625
4 0.3955078125 0.28125 0.2548828125 0.267578125