4 0.0693359375 0.2265625 0.09228515625 0.109375
4 0.568359375 0.443359375 0.1015625 0.2265625
4 0.775390625 0.66015625 0.16845703125 0.3427734375
0 0.89453125 0.3515625 0.0927734375 0.20263671875
0 0.681640625 0.2900390625 0.0439453125 0.15771484375
0 0.6953125 0.41015625 0.04736328125 0.18310546875
0 0.751953125 0.39453125 0.0419921875 0.1728515625
0 0.55859375 0.2822265625 0.0390625 0.119140625
0 0.2666015625 0.15234375 0.0234375 0.1162109375
0 0.435546875 0.0830078125 0.0185546875 0.05224609375
0 0.6064453125 0.171875 0.02734375 0.11376953125
0 0.6572265625 0.1904296875 0.03662109375 0.10400390625
3 0.58984375 0.7734375 0.24658203125 0.27294921875
0 0.955078125 0.640625 0.06298828125 0.2578125