4 0.361328125 0.46875 0.12841796875 0.19970703125
4 0.5068359375 0.2998046875 0.11181640625 0.154296875
4 0.6689453125 0.2998046875 0.14599609375 0.208984375
4 0.771484375 0.2041015625 0.0966796875 0.11865234375
4 0.8720703125 0.568359375 0.255859375 0.37109375
5 0.3955078125 0.3544921875 0.12646484375 0.19140625
0 0.595703125 0.19921875 0.0283203125 0.09814453125
0 0.55078125 0.2021484375 0.03076171875 0.08203125
4 0.962890625 0.1591796875 0.06591796875 0.123046875
4 0.8916015625 0.154296875 0.080078125 0.11328125
4 0.05859375 0.4150390625 0.07373046875 0.13525390625
4 0.2138671875 0.2470703125 0.04052734375 0.06005859375