9 0.419921875 0.5556640625 0.0283203125 0.11572265625
9 0.4765625 0.58984375 0.0380859375 0.11279296875
9 0.365234375 0.611328125 0.0361328125 0.09814453125
9 0.23828125 0.1240234375 0.02685546875 0.095703125
9 0.255859375 0.2333984375 0.0361328125 0.07568359375
9 0.6474609375 0.09765625 0.01953125 0.078125
9 0.654296875 0.09765625 0.02783203125 0.08251953125
9 0.87109375 0.298828125 0.03515625 0.07373046875
9 0.966796875 0.4765625 0.0185546875 0.09765625
4 0.5302734375 0.2392578125 0.048828125 0.14599609375
4 0.623046875 0.2490234375 0.0986328125 0.087890625
4 0.9345703125 0.2392578125 0.06396484375 0.095703125
4 0.974609375 0.1982421875 0.05078125 0.099609375
4 0.2978515625 0.056640625 0.0390625 0.0810546875
4 0.3447265625 0.0400390625 0.06396484375 0.080078125