4 0.6767578125 0.609375 0.14306640625 0.1787109375
4 0.8134765625 0.689453125 0.21630859375 0.24267578125
4 0.5927734375 0.328125 0.16943359375 0.1162109375
4 0.4833984375 0.232421875 0.08984375 0.08984375
4 0.787109375 0.240234375 0.05810546875 0.08984375
4 0.6220703125 0.1259765625 0.037109375 0.05859375
4 0.66796875 0.0986328125 0.0322265625 0.04150390625
4 0.5556640625 0.0947265625 0.044921875 0.06640625
4 0.4912109375 0.107421875 0.03369140625 0.06201171875
4 0.443359375 0.0888671875 0.0576171875 0.09912109375
4 0.212890625 0.419921875 0.08154296875 0.12548828125
4 0.26953125 0.2958984375 0.07421875 0.087890625
4 0.314453125 0.1259765625 0.0390625 0.04541015625
4 0.0908203125 0.2080078125 0.04541015625 0.08349609375
4 0.1171875 0.2470703125 0.0634765625 0.0625
4 0.2275390625 0.23828125 0.087890625 0.06591796875
4 0.28125 0.2080078125 0.05859375 0.07275390625