3 0.59765625 0.794921875 0.30810546875 0.2548828125
4 0.826171875 0.724609375 0.1904296875 0.37841796875
4 0.89453125 0.3505859375 0.1025390625 0.203125
4 0.5703125 0.4892578125 0.12109375 0.24755859375
4 0.06640625 0.224609375 0.1005859375 0.10888671875
0 0.27734375 0.1318359375 0.03076171875 0.10546875
0 0.5693359375 0.306640625 0.04443359375 0.1376953125
0 0.6943359375 0.314453125 0.03662109375 0.14404296875
0 0.7099609375 0.447265625 0.044921875 0.1904296875
0 0.7724609375 0.435546875 0.041015625 0.1826171875
0 0.6630859375 0.216796875 0.02978515625 0.1220703125
0 0.611328125 0.19140625 0.0361328125 0.1240234375