4 0.033203125 0.6005859375 0.06640625 0.12353515625
4 0.171875 0.234375 0.06689453125 0.07861328125
4 0.248046875 0.1953125 0.04248046875 0.07080078125
4 0.3115234375 0.2099609375 0.05322265625 0.09521484375
4 0.412109375 0.3837890625 0.09033203125 0.10791015625
4 0.3271484375 0.572265625 0.125 0.18408203125
4 0.796875 0.4482421875 0.1240234375 0.177734375
4 0.798828125 0.234375 0.05078125 0.07470703125
4 0.701171875 0.1591796875 0.04248046875 0.05859375
4 0.6376953125 0.1435546875 0.0390625 0.048828125
4 0.5263671875 0.15234375 0.04052734375 0.05029296875
4 0.4716796875 0.1484375 0.0390625 0.05029296875
4 0.46484375 0.205078125 0.0537109375 0.08251953125
4 0.38671875 0.2490234375 0.06640625 0.09521484375
4 0.47265625 0.09765625 0.05517578125 0.078125
4 0.6015625 0.09765625 0.03173828125 0.0458984375
4 0.666015625 0.09765625 0.0498046875 0.08984375
4 0.8330078125 0.6806640625 0.20458984375 0.24609375
4 0.6962890625 0.5888671875 0.123046875 0.16796875