4 0.1650390625 0.265625 0.056640625 0.0654296875
4 0.3193359375 0.3564453125 0.1826171875 0.1640625
4 0.1796875 0.548828125 0.236328125 0.322265625
4 0.7138671875 0.4482421875 0.1533203125 0.115234375
4 0.7197265625 0.2822265625 0.048828125 0.078125
4 0.826171875 0.2431640625 0.0390625 0.0625
4 0.767578125 0.193359375 0.03515625 0.048828125
4 0.7998046875 0.173828125 0.033203125 0.0419921875
4 0.8828125 0.1357421875 0.0283203125 0.044921875
9 0.884765625 0.330078125 0.033203125 0.0986328125
9 0.5771484375 0.767578125 0.134765625 0.0693359375
9 0.673828125 0.3232421875 0.029296875 0.0986328125
9 0.7470703125 0.3251953125 0.0341796875 0.091796875