4 0.3740234375 0.7177734375 0.162109375 0.2802734375
4 0.76171875 0.4755859375 0.1337890625 0.1845703125
4 0.7998046875 0.2958984375 0.1044921875 0.1669921875
4 0.2412109375 0.3876953125 0.080078125 0.1357421875
4 0.2158203125 0.22265625 0.09765625 0.1650390625
4 0.4482421875 0.2998046875 0.1279296875 0.2353515625
4 0.576171875 0.3212890625 0.072265625 0.1357421875
4 0.6240234375 0.275390625 0.0712890625 0.1181640625
0 0.798828125 0.6123046875 0.0703125 0.26171875
0 0.3466796875 0.408203125 0.05078125 0.1533203125
0 0.5244140625 0.2939453125 0.02734375 0.1396484375
9 0.8818359375 0.275390625 0.0224609375 0.1298828125