4 0.1171875 0.2734375 0.1162109375 0.0859375
4 0.291015625 0.306640625 0.0595703125 0.10498046875
4 0.2841796875 0.451171875 0.06787109375 0.12158203125
4 0.431640625 0.4814453125 0.1015625 0.15234375
4 0.5830078125 0.4423828125 0.09765625 0.12646484375
4 0.796875 0.681640625 0.1787109375 0.1982421875
4 0.908203125 0.3876953125 0.1455078125 0.12255859375
4 0.486328125 0.30078125 0.08154296875 0.13232421875
4 0.44140625 0.2548828125 0.0380859375 0.06494140625
4 0.4208984375 0.2099609375 0.02734375 0.052734375
4 0.3984375 0.14453125 0.0234375 0.0322265625
4 0.365234375 0.1357421875 0.0185546875 0.033203125
4 0.369140625 0.19140625 0.02783203125 0.0458984375
4 0.365234375 0.2529296875 0.04345703125 0.06884765625