0 0.2900390625 0.3369140625 0.029296875 0.126953125
0 0.66015625 0.4560546875 0.0390625 0.2021484375
0 0.7978515625 0.4765625 0.052734375 0.2060546875
0 0.982421875 0.4580078125 0.0341796875 0.1884765625
4 0.595703125 0.384765625 0.095703125 0.1640625
4 0.7958984375 0.29296875 0.1083984375 0.1708984375
4 0.2265625 0.3271484375 0.068359375 0.1083984375
4 0.275390625 0.4765625 0.111328125 0.185546875
4 0.50390625 0.27734375 0.0576171875 0.1337890625
4 0.5908203125 0.244140625 0.078125 0.091796875
4 0.3837890625 0.26171875 0.107421875 0.203125
4 0.2060546875 0.19921875 0.0908203125 0.13671875
4 0.712890625 0.8388671875 0.2490234375 0.322265625
9 0.328125 0.3916015625 0.029296875 0.1181640625
9 0.2666015625 0.35546875 0.033203125 0.072265625