4 0.544921875 0.3994140625 0.0966796875 0.119140625
4 0.46484375 0.46484375 0.05810546875 0.0625
4 0.412109375 0.3388671875 0.03466796875 0.046875
4 0.3798828125 0.4111328125 0.05224609375 0.052734375
4 0.8935546875 0.6884765625 0.0625 0.076171875
4 0.974609375 0.76953125 0.05029296875 0.07373046875
6 0.26953125 0.359375 0.0849609375 0.0556640625
4 0.73046875 0.25 0.08935546875 0.0537109375
4 0.6171875 0.1513671875 0.0400390625 0.052734375
4 0.3203125 0.294921875 0.04248046875 0.04345703125
4 0.271484375 0.1533203125 0.0419921875 0.0390625
4 0.2265625 0.126953125 0.03466796875 0.0419921875