4 0.328125 0.607421875 0.13720703125 0.203125
4 0.697265625 0.43359375 0.1298828125 0.19140625
4 0.7958984375 0.291015625 0.107421875 0.17138671875
4 0.61328125 0.2626953125 0.06982421875 0.10546875
4 0.548828125 0.3017578125 0.0625 0.13134765625
4 0.4208984375 0.2841796875 0.134765625 0.220703125
3 0.337890625 0.3837890625 0.078125 0.150390625
4 0.240234375 0.3603515625 0.07861328125 0.11962890625
4 0.2109375 0.203125 0.1005859375 0.14404296875
9 0.181640625 0.404296875 0.0234375 0.1328125
0 0.748046875 0.5341796875 0.05908203125 0.22412109375
0 0.939453125 0.6201171875 0.06591796875 0.25244140625
9 0.8818359375 0.2724609375 0.0234375 0.12890625