4 0.7880859375 0.236328125 0.056640625 0.08984375
4 0.47265625 0.2255859375 0.0771484375 0.10302734375
4 0.5966796875 0.33203125 0.15478515625 0.09423828125
4 0.625 0.12109375 0.03466796875 0.06591796875
4 0.673828125 0.0986328125 0.0361328125 0.04931640625
4 0.55078125 0.0947265625 0.03955078125 0.06640625
4 0.439453125 0.0986328125 0.0498046875 0.087890625
4 0.486328125 0.119140625 0.0361328125 0.05029296875
4 0.671875 0.6162109375 0.13671875 0.18115234375
4 0.80859375 0.69140625 0.2275390625 0.22998046875
4 0.2080078125 0.4404296875 0.09521484375 0.138671875
4 0.22265625 0.2470703125 0.09423828125 0.07958984375
4 0.259765625 0.30078125 0.0751953125 0.09423828125
4 0.31640625 0.12890625 0.04345703125 0.0478515625
4 0.0947265625 0.2080078125 0.056640625 0.078125
4 0.1279296875 0.2509765625 0.080078125 0.08203125