4 0.328125 0.607421875 0.1376953125 0.203125
4 0.697265625 0.43359375 0.130859375 0.19140625
4 0.7958984375 0.291015625 0.107421875 0.1708984375
4 0.61328125 0.2626953125 0.0693359375 0.10546875
4 0.548828125 0.3017578125 0.0625 0.1318359375
4 0.4208984375 0.2841796875 0.134765625 0.220703125
3 0.337890625 0.3837890625 0.078125 0.150390625
4 0.240234375 0.3603515625 0.0791015625 0.1201171875
4 0.2109375 0.203125 0.099609375 0.1435546875
9 0.181640625 0.404296875 0.0234375 0.1328125
0 0.748046875 0.5341796875 0.0595703125 0.2236328125
0 0.939453125 0.6201171875 0.0654296875 0.2529296875
9 0.8818359375 0.2724609375 0.0234375 0.12890625