4 0.3525390625 0.548828125 0.099609375 0.14404296875
4 0.1240234375 0.3681640625 0.06494140625 0.08837890625
4 0.35546875 0.2099609375 0.08154296875 0.04931640625
4 0.123046875 0.240234375 0.0732421875 0.05029296875
4 0.650390625 0.1953125 0.09716796875 0.046875
4 0.8271484375 0.2412109375 0.078125 0.06005859375
4 0.9052734375 0.201171875 0.072265625 0.05126953125
4 0.6826171875 0.673828125 0.19287109375 0.1435546875
4 0.677734375 0.564453125 0.16748046875 0.1044921875
4 0.6640625 0.5009765625 0.1728515625 0.078125
4 0.6513671875 0.44140625 0.15380859375 0.0703125
4 0.6396484375 0.3955078125 0.13818359375 0.06005859375
4 0.669921875 0.3544921875 0.1328125 0.07568359375
4 0.7353515625 0.341796875 0.091796875 0.08251953125
4 0.767578125 0.3173828125 0.08935546875 0.080078125