4 0.119140625 0.52734375 0.046875 0.0458984375
4 0.978515625 0.5908203125 0.04248046875 0.07958984375
4 0.890625 0.6015625 0.125 0.0927734375
4 0.662109375 0.6630859375 0.12109375 0.12744140625
4 0.103515625 0.7119140625 0.16015625 0.14453125
4 0.1748046875 0.5166015625 0.037109375 0.044921875
4 0.3525390625 0.5615234375 0.087890625 0.0625
4 0.4716796875 0.55859375 0.0859375 0.0556640625
4 0.650390625 0.5458984375 0.1513671875 0.107421875
4 0.541015625 0.759765625 0.21826171875 0.13232421875
4 0.587890625 0.884765625 0.27734375 0.21826171875