4 0.0615234375 0.234375 0.0947265625 0.078125
4 0.3125 0.34765625 0.064453125 0.1259765625
4 0.39453125 0.22265625 0.068359375 0.0791015625
4 0.4580078125 0.28515625 0.078125 0.091796875
4 0.6796875 0.3876953125 0.12890625 0.0830078125
4 0.8203125 0.341796875 0.1181640625 0.0830078125
4 0.8916015625 0.5322265625 0.216796875 0.255859375
9 0.7021484375 0.28125 0.021484375 0.087890625
9 0.7216796875 0.287109375 0.0224609375 0.0830078125
9 0.3115234375 0.2080078125 0.0234375 0.078125
9 0.33203125 0.193359375 0.0224609375 0.0693359375