4 0.091796875 0.212890625 0.05078125 0.08203125
4 0.123046875 0.2451171875 0.06640625 0.095703125
4 0.23046875 0.369140625 0.0771484375 0.11767578125
4 0.224609375 0.2431640625 0.09765625 0.087890625
4 0.27734375 0.2119140625 0.05419921875 0.07958984375
4 0.3203125 0.279296875 0.0693359375 0.0908203125
4 0.439453125 0.0947265625 0.0498046875 0.095703125
4 0.31640625 0.119140625 0.0458984375 0.0625
4 0.486328125 0.18359375 0.0498046875 0.08984375
4 0.625 0.1572265625 0.04345703125 0.0625
4 0.7890625 0.2412109375 0.0625 0.07568359375
4 0.794921875 0.8984375 0.28515625 0.19482421875
4 0.8056640625 0.6884765625 0.224609375 0.2109375
4 0.6767578125 0.6171875 0.14599609375 0.16455078125
4 0.5908203125 0.3310546875 0.15478515625 0.091796875
4 0.5791015625 0.2509765625 0.091796875 0.08984375
4 0.5693359375 0.0849609375 0.04541015625 0.06884765625
4 0.66015625 0.107421875 0.0380859375 0.04638671875