4 0.3837890625 0.533203125 0.1640625 0.1767578125
4 0.3984375 0.7763671875 0.17626953125 0.3125
4 0.66796875 0.607421875 0.1240234375 0.1689453125
4 0.8095703125 0.7001953125 0.22265625 0.24755859375
4 0.59375 0.330078125 0.1630859375 0.10205078125
4 0.7919921875 0.236328125 0.060546875 0.08203125
4 0.767578125 0.314453125 0.09765625 0.10888671875
4 0.6337890625 0.197265625 0.048828125 0.07861328125
4 0.50390625 0.1552734375 0.0390625 0.06640625
4 0.4140625 0.240234375 0.0615234375 0.078125
4 0.296875 0.28125 0.0634765625 0.08251953125
4 0.2119140625 0.2451171875 0.10302734375 0.087890625
4 0.095703125 0.2080078125 0.0595703125 0.078125
4 0.123046875 0.2509765625 0.0751953125 0.08203125
4 0.318359375 0.12109375 0.03466796875 0.04638671875
4 0.27734375 0.205078125 0.05859375 0.06640625
4 0.443359375 0.0947265625 0.05810546875 0.087890625
4 0.6044921875 0.0888671875 0.037109375 0.06494140625
4 0.6484375 0.1123046875 0.04248046875 0.052734375