4 0.060546875 0.228515625 0.0908203125 0.07861328125
4 0.3125 0.349609375 0.0693359375 0.12841796875
4 0.9287109375 0.5263671875 0.142578125 0.259765625
4 0.76171875 0.34375 0.1103515625 0.0947265625
4 0.615234375 0.40234375 0.13330078125 0.12158203125
4 0.45703125 0.2841796875 0.0771484375 0.09521484375
4 0.390625 0.2177734375 0.0634765625 0.087890625
9 0.306640625 0.2041015625 0.02783203125 0.06494140625
9 0.716796875 0.2822265625 0.0234375 0.07275390625
9 0.7333984375 0.283203125 0.02099609375 0.07470703125
9 0.328125 0.193359375 0.02001953125 0.06982421875