4 0.0654296875 0.232421875 0.109375 0.1220703125
4 0.5673828125 0.4287109375 0.115234375 0.2265625
4 0.7607421875 0.6484375 0.14697265625 0.33251953125
4 0.896484375 0.34375 0.10107421875 0.20263671875
0 0.263671875 0.1630859375 0.0439453125 0.10791015625
0 0.5615234375 0.2646484375 0.044921875 0.13427734375
0 0.6884765625 0.40234375 0.04150390625 0.18701171875
0 0.7421875 0.3818359375 0.0380859375 0.173828125
0 0.68359375 0.2646484375 0.03955078125 0.13037109375
0 0.6572265625 0.1806640625 0.025390625 0.12255859375
0 0.603515625 0.169921875 0.0283203125 0.11669921875
3 0.599609375 0.77734375 0.27001953125 0.26171875