5 0.708984375 0.4501953125 0.1845703125 0.140625
4 0.1708984375 0.26171875 0.05615234375 0.06640625
4 0.890625 0.126953125 0.0302734375 0.03955078125
4 0.8369140625 0.234375 0.0390625 0.0556640625
4 0.7265625 0.27734375 0.05419921875 0.06982421875
4 0.322265625 0.3583984375 0.19189453125 0.18115234375
4 0.18359375 0.548828125 0.24169921875 0.3232421875
9 0.619140625 0.619140625 0.08544921875 0.12548828125
9 0.91015625 0.33203125 0.03466796875 0.08984375
9 0.658203125 0.3232421875 0.0263671875 0.08984375
9 0.7177734375 0.3232421875 0.037109375 0.09521484375
4 0.7685546875 0.19140625 0.0390625 0.0458984375
4 0.798828125 0.169921875 0.03076171875 0.05029296875