4 0.353515625 0.5576171875 0.109375 0.146484375
4 0.685546875 0.673828125 0.1982421875 0.14501953125
4 0.6806640625 0.5712890625 0.166015625 0.115234375
4 0.662109375 0.5 0.1845703125 0.09716796875
4 0.6484375 0.4482421875 0.171875 0.072265625
4 0.6357421875 0.392578125 0.14599609375 0.05908203125
4 0.677734375 0.361328125 0.11279296875 0.0751953125
4 0.9169921875 0.298828125 0.06005859375 0.06591796875
4 0.7744140625 0.314453125 0.09130859375 0.0595703125
4 0.73046875 0.3388671875 0.10595703125 0.07568359375
4 0.861328125 0.1982421875 0.07470703125 0.041015625