4 0.7802734375 0.3193359375 0.087890625 0.107421875
4 0.783203125 0.2255859375 0.0537109375 0.0654296875
4 0.607421875 0.3349609375 0.1689453125 0.095703125
4 0.63671875 0.1962890625 0.048828125 0.078125
4 0.64453125 0.11328125 0.037109375 0.0625
4 0.6083984375 0.083984375 0.0390625 0.0625
4 0.5048828125 0.15234375 0.037109375 0.06640625
4 0.419921875 0.236328125 0.056640625 0.0751953125
4 0.365234375 0.505859375 0.1435546875 0.16796875
4 0.3828125 0.71484375 0.1708984375 0.3359375
4 0.6708984375 0.611328125 0.109375 0.1904296875
4 0.806640625 0.69921875 0.2275390625 0.25
4 0.306640625 0.2763671875 0.064453125 0.087890625
4 0.2724609375 0.201171875 0.0537109375 0.0830078125
4 0.44140625 0.0947265625 0.048828125 0.0859375
4 0.095703125 0.216796875 0.0576171875 0.0859375
4 0.123046875 0.2509765625 0.0810546875 0.08203125
4 0.2158203125 0.2431640625 0.1015625 0.0830078125
4 0.31640625 0.119140625 0.03515625 0.06640625
4 0.48828125 0.0869140625 0.0517578125 0.0859375