4 0.810546875 0.7958984375 0.37890625 0.384765625
4 0.748046875 0.4169921875 0.240234375 0.2705078125
4 0.2294921875 0.30078125 0.0537109375 0.095703125
4 0.2822265625 0.236328125 0.046875 0.05859375
4 0.9375 0.291015625 0.123046875 0.171875
0 0.7412109375 0.2373046875 0.041015625 0.095703125
0 0.8505859375 0.3779296875 0.072265625 0.2529296875
0 0.666015625 0.2451171875 0.0341796875 0.095703125
0 0.552734375 0.484375 0.134765625 0.1279296875
0 0.599609375 0.2080078125 0.02734375 0.11328125
4 0.96484375 0.1572265625 0.0693359375 0.1171875
4 0.8916015625 0.15234375 0.07421875 0.1083984375
4 0.8349609375 0.158203125 0.0595703125 0.1015625