9 0.650390625 0.53515625 0.05859375 0.091796875
9 0.6416015625 0.330078125 0.03515625 0.08203125
5 0.6748046875 0.42578125 0.189453125 0.1259765625
4 0.166015625 0.26171875 0.0537109375 0.06640625
9 0.697265625 0.318359375 0.025390625 0.095703125
9 0.9267578125 0.3349609375 0.033203125 0.107421875
4 0.89453125 0.1240234375 0.0224609375 0.0419921875
4 0.796875 0.1728515625 0.029296875 0.044921875
4 0.7666015625 0.193359375 0.0419921875 0.052734375
4 0.84375 0.2255859375 0.0439453125 0.0654296875
4 0.73046875 0.279296875 0.0537109375 0.0830078125
4 0.3212890625 0.3603515625 0.189453125 0.1767578125
4 0.1845703125 0.544921875 0.234375 0.3056640625
4 0.3935546875 0.3408203125 0.0625 0.078125