4 0.7158203125 0.4423828125 0.162109375 0.1220703125
4 0.8232421875 0.2490234375 0.0419921875 0.0712890625
4 0.796875 0.171875 0.02734375 0.0458984375
4 0.765625 0.19140625 0.0419921875 0.044921875
4 0.8759765625 0.142578125 0.02734375 0.0458984375
4 0.716796875 0.28515625 0.046875 0.0751953125
4 0.322265625 0.359375 0.19140625 0.173828125
4 0.16796875 0.263671875 0.05859375 0.0625
4 0.1826171875 0.5537109375 0.232421875 0.330078125
9 0.5419921875 0.8408203125 0.119140625 0.0830078125
9 0.859375 0.3232421875 0.03515625 0.107421875
9 0.767578125 0.3232421875 0.0302734375 0.099609375
9 0.689453125 0.328125 0.037109375 0.0947265625
4 0.3896484375 0.345703125 0.072265625 0.0791015625