4 0.095703125 0.2041015625 0.0517578125 0.1025390625
4 0.12109375 0.24609375 0.068359375 0.078125
4 0.2451171875 0.337890625 0.072265625 0.099609375
4 0.2265625 0.2392578125 0.0966796875 0.0830078125
4 0.279296875 0.2060546875 0.0458984375 0.078125
4 0.337890625 0.267578125 0.076171875 0.08984375
4 0.3154296875 0.12109375 0.037109375 0.0498046875
4 0.490234375 0.18359375 0.046875 0.0693359375
4 0.791015625 0.2431640625 0.0537109375 0.0791015625
4 0.6796875 0.6044921875 0.130859375 0.169921875
4 0.81640625 0.6826171875 0.1875 0.2294921875
4 0.65625 0.828125 0.2734375 0.259765625
4 0.626953125 0.2568359375 0.0927734375 0.0654296875
4 0.591796875 0.33203125 0.1669921875 0.111328125
4 0.625 0.1689453125 0.044921875 0.0654296875
4 0.5791015625 0.0849609375 0.0400390625 0.0732421875
4 0.44140625 0.0908203125 0.046875 0.08984375
4 0.513671875 0.10546875 0.037109375 0.0400390625
4 0.6552734375 0.1025390625 0.0390625 0.0498046875