4 0.712890625 0.4404296875 0.162109375 0.1259765625
4 0.318359375 0.3662109375 0.18359375 0.177734375
4 0.185546875 0.5458984375 0.2392578125 0.3037109375
4 0.16796875 0.263671875 0.060546875 0.0654296875
4 0.7666015625 0.193359375 0.033203125 0.048828125
4 0.796875 0.173828125 0.0341796875 0.0419921875
4 0.87890625 0.140625 0.025390625 0.0419921875
4 0.82421875 0.2451171875 0.044921875 0.06640625
4 0.71875 0.2841796875 0.0537109375 0.078125
9 0.5595703125 0.7998046875 0.1416015625 0.0732421875
9 0.87109375 0.328125 0.0322265625 0.0986328125
9 0.755859375 0.3212890625 0.02734375 0.0947265625
9 0.68359375 0.3291015625 0.037109375 0.095703125
4 0.3916015625 0.33984375 0.06640625 0.0791015625