6 0.7978515625 0.447265625 0.228515625 0.1484375
4 0.810546875 0.7060546875 0.2265625 0.271484375
4 0.6787109375 0.6162109375 0.134765625 0.177734375
4 0.255859375 0.423828125 0.0908203125 0.1796875
4 0.3193359375 0.326171875 0.083984375 0.115234375
4 0.650390625 0.2529296875 0.0703125 0.0986328125
4 0.7861328125 0.2431640625 0.052734375 0.083984375
4 0.3662109375 0.220703125 0.041015625 0.0546875
4 0.458984375 0.208984375 0.046875 0.0517578125
4 0.2744140625 0.212890625 0.0517578125 0.072265625
4 0.1923828125 0.244140625 0.0908203125 0.076171875
4 0.1240234375 0.248046875 0.0595703125 0.0703125