4 0.185546875 0.54296875 0.2392578125 0.3134765625
4 0.876953125 0.1884765625 0.0341796875 0.0458984375
4 0.765625 0.193359375 0.0400390625 0.0458984375
4 0.755859375 0.25390625 0.048828125 0.0625
4 0.796875 0.171875 0.0283203125 0.0458984375
4 0.4619140625 0.416015625 0.154296875 0.0947265625
4 0.36328125 0.349609375 0.0966796875 0.08984375
4 0.2421875 0.33203125 0.17578125 0.1240234375
9 0.5908203125 0.330078125 0.02734375 0.0947265625
9 0.6318359375 0.3154296875 0.017578125 0.0947265625
9 0.7890625 0.271484375 0.025390625 0.0859375