4 0.0693359375 0.2265625 0.0927734375 0.109375
4 0.568359375 0.443359375 0.1015625 0.2265625
4 0.775390625 0.66015625 0.1689453125 0.341796875
0 0.89453125 0.3515625 0.091796875 0.2021484375
0 0.681640625 0.2900390625 0.044921875 0.1572265625
0 0.6953125 0.41015625 0.0478515625 0.1826171875
0 0.751953125 0.39453125 0.041015625 0.173828125
0 0.55859375 0.2822265625 0.0390625 0.119140625
0 0.2666015625 0.15234375 0.0234375 0.115234375
0 0.435546875 0.0830078125 0.017578125 0.0517578125
0 0.6064453125 0.171875 0.02734375 0.1142578125
0 0.6572265625 0.1904296875 0.0361328125 0.1044921875
3 0.58984375 0.7734375 0.2470703125 0.2724609375
0 0.955078125 0.640625 0.0634765625 0.2578125