4 0.4130859375 0.74609375 0.203125 0.267578125
4 0.0244140625 0.5947265625 0.048828125 0.134765625
4 0.294921875 0.2119140625 0.0517578125 0.0830078125
4 0.23046875 0.18359375 0.052734375 0.0947265625
4 0.15625 0.2421875 0.064453125 0.08203125
4 0.7265625 0.3642578125 0.099609375 0.1484375
4 0.798828125 0.2412109375 0.0537109375 0.0830078125
4 0.6923828125 0.1572265625 0.044921875 0.05859375
4 0.6865234375 0.5888671875 0.111328125 0.1845703125
4 0.8203125 0.669921875 0.19921875 0.2412109375
4 0.4365234375 0.400390625 0.1298828125 0.1259765625
4 0.337890625 0.2822265625 0.0732421875 0.107421875
4 0.4375 0.22265625 0.064453125 0.0830078125
4 0.33984375 0.12109375 0.0400390625 0.0458984375
4 0.509765625 0.16796875 0.037109375 0.0712890625
4 0.4599609375 0.0947265625 0.0517578125 0.0830078125
4 0.578125 0.0966796875 0.0302734375 0.0537109375
4 0.673828125 0.0927734375 0.0537109375 0.0751953125