4 0.1689453125 0.26171875 0.056640625 0.05859375
4 0.8974609375 0.12109375 0.025390625 0.03564453125
4 0.8466796875 0.224609375 0.0390625 0.05859375
4 0.7646484375 0.1953125 0.037109375 0.05859375
4 0.798828125 0.171875 0.03955078125 0.04248046875
4 0.728515625 0.2822265625 0.0576171875 0.078125
4 0.318359375 0.3603515625 0.19482421875 0.18115234375
4 0.1845703125 0.544921875 0.236328125 0.31298828125
9 0.93359375 0.3330078125 0.02783203125 0.11865234375
9 0.6357421875 0.3271484375 0.021484375 0.095703125
9 0.693359375 0.3232421875 0.02783203125 0.09521484375
9 0.65234375 0.49609375 0.0302734375 0.15185546875
5 0.6689453125 0.43359375 0.19140625 0.15576171875