5 0.623046875 0.423828125 0.1650390625 0.130859375
4 0.1669921875 0.263671875 0.0625 0.0654296875
4 0.3076171875 0.361328125 0.1875 0.169921875
4 0.3876953125 0.34765625 0.064453125 0.0859375
4 0.1845703125 0.5458984375 0.232421875 0.31640625
4 0.85546875 0.212890625 0.03515625 0.048828125
4 0.904296875 0.12109375 0.02734375 0.0322265625
4 0.767578125 0.193359375 0.0302734375 0.0537109375
4 0.732421875 0.27734375 0.0537109375 0.08203125
4 0.796875 0.1708984375 0.037109375 0.044921875
9 0.9453125 0.3310546875 0.0322265625 0.1044921875
9 0.623046875 0.3125 0.033203125 0.0830078125
9 0.6689453125 0.3125 0.025390625 0.0830078125