9 0.455078125 0.3193359375 0.01611328125 0.1015625
9 0.8486328125 0.40625 0.025390625 0.1083984375
0 0.779296875 0.716796875 0.07080078125 0.23046875
0 0.7822265625 0.3720703125 0.033203125 0.109375
0 0.763671875 0.3486328125 0.0205078125 0.111328125
0 0.75 0.333984375 0.0166015625 0.08984375
0 0.8828125 0.26953125 0.01611328125 0.0615234375
0 0.9306640625 0.3037109375 0.013671875 0.060546875
4 0.9296875 0.23828125 0.0302734375 0.0625
4 0.5966796875 0.384765625 0.123046875 0.1220703125
4 0.505859375 0.828125 0.2548828125 0.34375
0 0.806640625 0.2314453125 0.0185546875 0.05859375