4 0.1201171875 0.287109375 0.109375 0.0986328125
4 0.9140625 0.841796875 0.171875 0.24169921875
4 0.638671875 0.51171875 0.1279296875 0.1396484375
4 0.90625 0.3759765625 0.14111328125 0.119140625
4 0.41015625 0.43359375 0.0869140625 0.1416015625
4 0.2705078125 0.375 0.060546875 0.1005859375
4 0.2998046875 0.2861328125 0.05859375 0.08203125
4 0.509765625 0.3349609375 0.08984375 0.16162109375
4 0.4453125 0.27734375 0.03955078125 0.06982421875
4 0.431640625 0.2080078125 0.03466796875 0.05859375
4 0.4033203125 0.1611328125 0.0234375 0.033203125
4 0.3603515625 0.1142578125 0.02197265625 0.02734375
4 0.36328125 0.1650390625 0.02783203125 0.033203125
4 0.3662109375 0.2392578125 0.037109375 0.0625
4 0.3828125 0.2060546875 0.0322265625 0.048828125