4 0.1171875 0.275390625 0.1044921875 0.0986328125
4 0.90234375 0.384765625 0.1455078125 0.115234375
4 0.6787109375 0.5390625 0.1337890625 0.1513671875
4 0.482421875 0.5517578125 0.140625 0.1845703125
4 0.306640625 0.53515625 0.0966796875 0.16015625
4 0.2900390625 0.341796875 0.064453125 0.1259765625
4 0.365234375 0.265625 0.05078125 0.0615234375
4 0.4716796875 0.2802734375 0.06640625 0.1240234375
4 0.53515625 0.3857421875 0.080078125 0.1083984375
4 0.376953125 0.2177734375 0.033203125 0.0537109375
4 0.3837890625 0.087890625 0.0283203125 0.0419921875
4 0.43359375 0.2392578125 0.02734375 0.0625
4 0.4033203125 0.154296875 0.025390625 0.0322265625
4 0.3662109375 0.146484375 0.0224609375 0.029296875
4 0.416015625 0.197265625 0.021484375 0.037109375