4 0.2265625 0.1279296875 0.0341796875 0.0498046875
4 0.455078125 0.458984375 0.0556640625 0.0791015625
4 0.5078125 0.3662109375 0.0791015625 0.099609375
4 0.6162109375 0.150390625 0.0439453125 0.0625
4 0.8935546875 0.6884765625 0.048828125 0.0859375
4 0.9755859375 0.765625 0.048828125 0.087890625
4 0.0234375 0.4697265625 0.0458984375 0.0537109375
6 0.275390625 0.3876953125 0.0673828125 0.0791015625
4 0.3740234375 0.4052734375 0.048828125 0.0537109375
4 0.275390625 0.1474609375 0.0439453125 0.048828125
4 0.25390625 0.1875 0.033203125 0.048828125
4 0.1708984375 0.19921875 0.029296875 0.0498046875
4 0.064453125 0.1767578125 0.0283203125 0.0458984375
4 0.3896484375 0.3125 0.0419921875 0.05859375
4 0.3271484375 0.296875 0.044921875 0.056640625
4 0.2529296875 0.2724609375 0.037109375 0.0537109375
4 0.21484375 0.2451171875 0.037109375 0.0498046875
4 0.744140625 0.244140625 0.0908203125 0.0615234375