6 0.455078125 0.31640625 0.1767578125 0.1806640625
9 0.423828125 0.5673828125 0.021484375 0.111328125
9 0.4697265625 0.61328125 0.033203125 0.1220703125
9 0.369140625 0.611328125 0.025390625 0.1044921875
9 0.2421875 0.1044921875 0.0185546875 0.0859375
9 0.251953125 0.2216796875 0.01953125 0.091796875
9 0.64453125 0.09765625 0.015625 0.0595703125
9 0.658203125 0.0927734375 0.0205078125 0.080078125
9 0.8720703125 0.2900390625 0.0205078125 0.1025390625
9 0.9677734375 0.4638671875 0.01953125 0.1044921875
4 0.9375 0.2353515625 0.0654296875 0.0791015625
4 0.9775390625 0.2080078125 0.0390625 0.0693359375
4 0.30078125 0.0517578125 0.0419921875 0.0751953125
4 0.3466796875 0.037109375 0.048828125 0.07421875