4 0.6044921875 0.16015625 0.091796875 0.07373046875
4 0.931640625 0.240234375 0.05859375 0.08251953125
4 0.9755859375 0.205078125 0.04150390625 0.08203125
4 0.9765625 0.0947265625 0.0400390625 0.056640625
4 0.2998046875 0.0517578125 0.044921875 0.08984375
4 0.3466796875 0.0380859375 0.06787109375 0.076171875
9 0.478515625 0.5869140625 0.03076171875 0.1015625
9 0.421875 0.55859375 0.03955078125 0.1103515625
9 0.365234375 0.6240234375 0.0361328125 0.11474609375
9 0.2509765625 0.2177734375 0.015625 0.068359375
9 0.244140625 0.1376953125 0.02294921875 0.07568359375
9 0.87109375 0.30078125 0.02685546875 0.1083984375
9 0.6474609375 0.1025390625 0.02099609375 0.07177734375
9 0.658203125 0.103515625 0.0263671875 0.07470703125
9 0.96875 0.458984375 0.02734375 0.09423828125