4 0.1171875 0.275390625 0.10498046875 0.09814453125
4 0.90234375 0.384765625 0.14501953125 0.1142578125
4 0.6787109375 0.5390625 0.13427734375 0.15185546875
4 0.482421875 0.5517578125 0.140625 0.18505859375
4 0.306640625 0.53515625 0.09716796875 0.16015625
4 0.2900390625 0.341796875 0.064453125 0.12548828125
4 0.365234375 0.265625 0.05078125 0.06201171875
4 0.4716796875 0.2802734375 0.06640625 0.12353515625
4 0.53515625 0.3857421875 0.0791015625 0.10791015625
4 0.376953125 0.2177734375 0.0341796875 0.05322265625
4 0.3837890625 0.087890625 0.02880859375 0.04248046875
4 0.43359375 0.2392578125 0.02734375 0.0625
4 0.4033203125 0.154296875 0.025390625 0.03173828125
4 0.3662109375 0.146484375 0.02197265625 0.0283203125
4 0.416015625 0.197265625 0.0205078125 0.0361328125