4 0.3427734375 0.435546875 0.130859375 0.1796875
4 0.80859375 0.5009765625 0.248046875 0.2900390625
4 0.6484375 0.28515625 0.12109375 0.16015625
4 0.7587890625 0.203125 0.095703125 0.1181640625
4 0.498046875 0.2861328125 0.1064453125 0.1474609375
5 0.37890625 0.3271484375 0.1142578125 0.15625
4 0.2138671875 0.2451171875 0.0361328125 0.0595703125
0 0.5888671875 0.1884765625 0.029296875 0.1025390625
0 0.5439453125 0.1962890625 0.02734375 0.08984375
4 0.2646484375 0.220703125 0.033203125 0.0615234375
4 0.962890625 0.1591796875 0.0732421875 0.1416015625
4 0.896484375 0.154296875 0.0849609375 0.12109375
4 0.8310546875 0.1640625 0.0654296875 0.0888671875