5 0.623046875 0.423828125 0.16455078125 0.1298828125
4 0.1669921875 0.263671875 0.0625 0.06591796875
4 0.3076171875 0.361328125 0.1875 0.1689453125
4 0.3876953125 0.34765625 0.064453125 0.0859375
4 0.1845703125 0.5458984375 0.232421875 0.31640625
4 0.85546875 0.212890625 0.03515625 0.0498046875
4 0.904296875 0.12109375 0.02734375 0.03173828125
4 0.767578125 0.193359375 0.03076171875 0.05419921875
4 0.732421875 0.27734375 0.05419921875 0.08203125
4 0.796875 0.1708984375 0.0380859375 0.044921875
9 0.9453125 0.3310546875 0.03173828125 0.10400390625
9 0.623046875 0.3125 0.0341796875 0.08251953125
9 0.6689453125 0.3125 0.025390625 0.08251953125