3 0.310546875 0.3681640625 0.0537109375 0.1708984375
4 0.294921875 0.509765625 0.107421875 0.2353515625
4 0.228515625 0.3330078125 0.076171875 0.1083984375
4 0.626953125 0.3994140625 0.1123046875 0.173828125
4 0.7939453125 0.29296875 0.099609375 0.1611328125
4 0.5966796875 0.251953125 0.08203125 0.107421875
4 0.39453125 0.2666015625 0.1171875 0.2158203125
4 0.7451171875 0.2421875 0.076171875 0.091796875
4 0.8046875 0.896484375 0.279296875 0.20703125
4 0.2099609375 0.19921875 0.091796875 0.150390625
0 0.689453125 0.4873046875 0.0546875 0.208984375
0 0.8427734375 0.521484375 0.0595703125 0.2412109375
9 0.8818359375 0.275390625 0.02734375 0.115234375
4 0.5234375 0.2763671875 0.05078125 0.140625