4 0.1708984375 0.263671875 0.05078125 0.06591796875
9 0.8466796875 0.3212890625 0.0234375 0.107421875
9 0.783203125 0.3291015625 0.02734375 0.099609375
9 0.5302734375 0.859375 0.09765625 0.10498046875
9 0.7041015625 0.3232421875 0.037109375 0.099609375
4 0.71875 0.28515625 0.0537109375 0.07080078125
4 0.873046875 0.1435546875 0.02783203125 0.048828125
4 0.818359375 0.2529296875 0.0419921875 0.06884765625
4 0.3212890625 0.361328125 0.18115234375 0.1689453125
4 0.1845703125 0.5458984375 0.236328125 0.31640625
4 0.7158203125 0.4384765625 0.154296875 0.12255859375
4 0.7646484375 0.189453125 0.0390625 0.0576171875
4 0.798828125 0.1708984375 0.03076171875 0.044921875