4 0.3525390625 0.5732421875 0.16650390625 0.16162109375
4 0.56640625 0.6591796875 0.1630859375 0.24072265625
4 0.5859375 0.4326171875 0.10205078125 0.107421875
4 0.90625 0.384765625 0.1494140625 0.12841796875
4 0.814453125 0.705078125 0.1748046875 0.203125
4 0.30078125 0.37109375 0.0771484375 0.15576171875
4 0.50390625 0.33203125 0.05810546875 0.09814453125
4 0.458984375 0.2529296875 0.05078125 0.107421875
4 0.365234375 0.2900390625 0.0498046875 0.078125
4 0.3740234375 0.232421875 0.03515625 0.05859375
4 0.369140625 0.1591796875 0.0205078125 0.033203125
4 0.359375 0.1005859375 0.02001953125 0.029296875
4 0.3798828125 0.080078125 0.0234375 0.04638671875
4 0.4140625 0.1865234375 0.02294921875 0.037109375
4 0.3994140625 0.142578125 0.025390625 0.0341796875
4 0.4296875 0.224609375 0.02734375 0.05419921875