4 0.169921875 0.267578125 0.05126953125 0.0625
4 0.32421875 0.361328125 0.1865234375 0.16064453125
4 0.392578125 0.341796875 0.06982421875 0.07470703125
4 0.1787109375 0.537109375 0.236328125 0.31298828125
4 0.728515625 0.2802734375 0.0517578125 0.06884765625
4 0.765625 0.19140625 0.03955078125 0.04248046875
4 0.7998046875 0.1767578125 0.033203125 0.04541015625
4 0.83984375 0.23046875 0.0380859375 0.0625
4 0.8935546875 0.1240234375 0.02197265625 0.04150390625
9 0.916015625 0.3330078125 0.0263671875 0.099609375
9 0.65234375 0.3232421875 0.0322265625 0.091796875
9 0.70703125 0.3232421875 0.0244140625 0.09521484375
5 0.681640625 0.4404296875 0.1923828125 0.138671875
9 0.6337890625 0.5693359375 0.072265625 0.140625