4 0.0615234375 0.234375 0.09521484375 0.078125
4 0.3125 0.34765625 0.0634765625 0.12548828125
4 0.39453125 0.22265625 0.0693359375 0.07861328125
4 0.4580078125 0.28515625 0.078125 0.0927734375
4 0.6796875 0.3876953125 0.12890625 0.08349609375
4 0.8203125 0.341796875 0.11767578125 0.08251953125
4 0.8916015625 0.5322265625 0.216796875 0.255859375
9 0.7021484375 0.28125 0.021484375 0.0869140625
9 0.7216796875 0.287109375 0.02197265625 0.08251953125
9 0.3115234375 0.2080078125 0.0234375 0.078125
9 0.33203125 0.193359375 0.02294921875 0.06982421875