9 0.474609375 0.5986328125 0.0439453125 0.095703125
9 0.4228515625 0.560546875 0.052734375 0.10498046875
9 0.3701171875 0.6162109375 0.04443359375 0.091796875
9 0.2392578125 0.1083984375 0.033203125 0.08349609375
9 0.25390625 0.2109375 0.03564453125 0.0869140625
9 0.6435546875 0.0966796875 0.0234375 0.080078125
9 0.6591796875 0.08984375 0.03125 0.0859375
9 0.8701171875 0.296875 0.029296875 0.0947265625
9 0.962890625 0.4521484375 0.0205078125 0.099609375
6 0.4833984375 0.302734375 0.14599609375 0.19091796875
4 0.931640625 0.23046875 0.07373046875 0.0556640625
4 0.9697265625 0.208984375 0.060546875 0.06640625
4 0.3046875 0.05078125 0.04248046875 0.0703125
4 0.345703125 0.0341796875 0.0732421875 0.068359375