9 0.478515625 0.6025390625 0.041015625 0.12109375
9 0.423828125 0.5634765625 0.033203125 0.125
9 0.369140625 0.6279296875 0.0390625 0.1220703125
9 0.251953125 0.21484375 0.025390625 0.0751953125
9 0.2421875 0.146484375 0.017578125 0.0615234375
9 0.875 0.3076171875 0.0185546875 0.08984375
9 0.646484375 0.09375 0.0166015625 0.0654296875
9 0.654296875 0.09375 0.017578125 0.0732421875
9 0.9677734375 0.4541015625 0.021484375 0.1015625
4 0.9326171875 0.232421875 0.0693359375 0.09765625
4 0.9755859375 0.2021484375 0.0458984375 0.0849609375
4 0.662109375 0.1455078125 0.0849609375 0.0712890625
4 0.294921875 0.0537109375 0.0498046875 0.08203125
4 0.3447265625 0.0380859375 0.06640625 0.076171875