4 0.64453125 0.1552734375 0.0927734375 0.076171875
4 0.93359375 0.2431640625 0.0595703125 0.0751953125
4 0.974609375 0.205078125 0.0498046875 0.0732421875
4 0.2998046875 0.0517578125 0.0419921875 0.06640625
4 0.337890625 0.037109375 0.06640625 0.07421875
9 0.2431640625 0.1455078125 0.021484375 0.072265625
9 0.2490234375 0.2158203125 0.01953125 0.0830078125
9 0.3681640625 0.6220703125 0.021484375 0.1142578125
9 0.421875 0.5615234375 0.0224609375 0.1259765625
9 0.4794921875 0.6025390625 0.025390625 0.1181640625
9 0.869140625 0.2919921875 0.0224609375 0.0986328125
9 0.96484375 0.4560546875 0.025390625 0.111328125
9 0.64453125 0.09375 0.0166015625 0.0712890625
9 0.6533203125 0.0986328125 0.017578125 0.0986328125