4 0.0908203125 0.2119140625 0.0556640625 0.0830078125
4 0.1220703125 0.2529296875 0.064453125 0.0859375
4 0.216796875 0.4111328125 0.0849609375 0.134765625
4 0.279296875 0.2880859375 0.0791015625 0.0986328125
4 0.2197265625 0.2431640625 0.087890625 0.0791015625
4 0.279296875 0.2119140625 0.05859375 0.0830078125
4 0.318359375 0.1318359375 0.0439453125 0.05859375
4 0.4404296875 0.0986328125 0.052734375 0.087890625
4 0.78515625 0.2421875 0.060546875 0.0732421875
4 0.6806640625 0.6123046875 0.134765625 0.16015625
4 0.80859375 0.685546875 0.228515625 0.2431640625
4 0.591796875 0.3330078125 0.162109375 0.087890625
4 0.505859375 0.2412109375 0.0908203125 0.0830078125
4 0.4716796875 0.201171875 0.044921875 0.0712890625
4 0.62109375 0.1357421875 0.0390625 0.056640625
4 0.669921875 0.103515625 0.0390625 0.056640625
4 0.5576171875 0.0908203125 0.0439453125 0.078125
4 0.494140625 0.1162109375 0.041015625 0.048828125