4 0.1162109375 0.271484375 0.1142578125 0.0986328125
4 0.3046875 0.37890625 0.0693359375 0.1513671875
4 0.3662109375 0.2880859375 0.041015625 0.0732421875
4 0.9033203125 0.3837890625 0.13671875 0.1083984375
4 0.794921875 0.66796875 0.1552734375 0.1904296875
4 0.57421875 0.673828125 0.189453125 0.2373046875
4 0.361328125 0.5712890625 0.1552734375 0.15234375
4 0.576171875 0.419921875 0.0947265625 0.111328125
4 0.5048828125 0.3232421875 0.056640625 0.078125
4 0.4580078125 0.2529296875 0.05078125 0.1025390625
4 0.369140625 0.1611328125 0.017578125 0.025390625
4 0.38671875 0.10546875 0.0166015625 0.0361328125
4 0.40234375 0.1611328125 0.0224609375 0.033203125
4 0.3583984375 0.1005859375 0.0185546875 0.033203125
4 0.373046875 0.234375 0.037109375 0.056640625