4 0.18359375 0.5517578125 0.22705078125 0.30859375
4 0.505859375 0.421875 0.15234375 0.1005859375
4 0.3740234375 0.349609375 0.08447265625 0.0908203125
4 0.2646484375 0.3427734375 0.17822265625 0.13525390625
4 0.7646484375 0.19140625 0.037109375 0.0458984375
4 0.7978515625 0.171875 0.029296875 0.04638671875
4 0.8701171875 0.197265625 0.037109375 0.04638671875
4 0.7470703125 0.2578125 0.048828125 0.0625
9 0.9833984375 0.34765625 0.033203125 0.09814453125
9 0.638671875 0.31640625 0.02294921875 0.0927734375
9 0.5966796875 0.3232421875 0.03271484375 0.09521484375
0 0.755859375 0.30859375 0.03076171875 0.0927734375