9 0.634765625 0.576171875 0.076171875 0.1552734375
9 0.6533203125 0.328125 0.0341796875 0.0859375
9 0.712890625 0.3232421875 0.0283203125 0.1025390625
9 0.9140625 0.330078125 0.0302734375 0.115234375
4 0.89453125 0.12890625 0.0283203125 0.0400390625
5 0.693359375 0.4384765625 0.1787109375 0.1279296875
4 0.7958984375 0.173828125 0.0283203125 0.0419921875
4 0.1669921875 0.265625 0.0556640625 0.056640625
4 0.32421875 0.357421875 0.189453125 0.177734375
4 0.392578125 0.34765625 0.064453125 0.0791015625
4 0.181640625 0.5498046875 0.2314453125 0.31640625
4 0.7275390625 0.2802734375 0.0537109375 0.0693359375
4 0.765625 0.19140625 0.0341796875 0.0419921875
4 0.8369140625 0.2275390625 0.0341796875 0.0654296875