4 0.12109375 0.2724609375 0.1083984375 0.095703125
4 0.9033203125 0.37890625 0.1572265625 0.1181640625
4 0.88671875 0.7822265625 0.2080078125 0.234375
4 0.609375 0.46875 0.1064453125 0.1279296875
4 0.53515625 0.619140625 0.162109375 0.2265625
4 0.34375 0.5673828125 0.162109375 0.1611328125
4 0.30078125 0.3681640625 0.076171875 0.140625
4 0.5146484375 0.349609375 0.06640625 0.0947265625
4 0.462890625 0.26171875 0.060546875 0.1181640625
4 0.365234375 0.28515625 0.048828125 0.0712890625
4 0.375 0.232421875 0.037109375 0.056640625
4 0.380859375 0.083984375 0.0234375 0.0458984375
4 0.365234375 0.1572265625 0.0234375 0.037109375
4 0.4150390625 0.189453125 0.0283203125 0.044921875
4 0.3984375 0.1435546875 0.0234375 0.0361328125
4 0.3583984375 0.0986328125 0.0185546875 0.029296875