4 0.06640625 0.232421875 0.111328125 0.1328125
4 0.560546875 0.3662109375 0.1005859375 0.1826171875
4 0.8896484375 0.341796875 0.10546875 0.2177734375
4 0.6875 0.5732421875 0.111328125 0.30078125
0 0.7802734375 0.5380859375 0.05859375 0.224609375
0 0.80859375 0.8642578125 0.0869140625 0.2646484375
0 0.904296875 0.541015625 0.044921875 0.23828125
0 0.669921875 0.3349609375 0.0380859375 0.154296875
0 0.7275390625 0.32421875 0.041015625 0.142578125
0 0.5517578125 0.208984375 0.025390625 0.1201171875
0 0.244140625 0.1962890625 0.0380859375 0.1142578125
0 0.671875 0.2158203125 0.0263671875 0.1083984375
3 0.5927734375 0.658203125 0.19140625 0.2763671875
0 0.42578125 0.109375 0.02734375 0.0869140625