4 0.6015625 0.6865234375 0.20361328125 0.275390625
4 0.794921875 0.291015625 0.11279296875 0.15673828125
4 0.2568359375 0.4267578125 0.09521484375 0.15771484375
4 0.2177734375 0.2939453125 0.06005859375 0.10302734375
4 0.361328125 0.2421875 0.1015625 0.203125
4 0.556640625 0.35546875 0.0908203125 0.15673828125
4 0.578125 0.2314453125 0.0859375 0.10791015625
4 0.4853515625 0.2529296875 0.056640625 0.11865234375
0 0.73828125 0.427734375 0.04736328125 0.19580078125
0 0.9443359375 0.435546875 0.060546875 0.19189453125
0 0.6240234375 0.41796875 0.05078125 0.1787109375
9 0.341796875 0.3857421875 0.03076171875 0.13427734375
9 0.302734375 0.373046875 0.03515625 0.12890625
0 0.2724609375 0.3154296875 0.033203125 0.09619140625