4 0.1845703125 0.5439453125 0.24462890625 0.32177734375
4 0.5283203125 0.419921875 0.154296875 0.0986328125
4 0.74609375 0.263671875 0.04638671875 0.07080078125
4 0.767578125 0.193359375 0.0390625 0.04638671875
4 0.796875 0.171875 0.02783203125 0.04248046875
4 0.865234375 0.197265625 0.0341796875 0.04248046875
4 0.9150390625 0.11328125 0.025390625 0.0322265625
4 0.3779296875 0.34765625 0.09228515625 0.0947265625
4 0.27734375 0.3544921875 0.18310546875 0.15478515625
9 0.9765625 0.3447265625 0.02783203125 0.10302734375
9 0.6025390625 0.3212890625 0.025390625 0.099609375
9 0.640625 0.3173828125 0.02734375 0.09912109375
0 0.736328125 0.3310546875 0.0283203125 0.10400390625