4 0.2265625 0.1279296875 0.03466796875 0.04931640625
4 0.455078125 0.458984375 0.05517578125 0.07861328125
4 0.5078125 0.3662109375 0.07861328125 0.099609375
4 0.6162109375 0.150390625 0.04443359375 0.0625
4 0.8935546875 0.6884765625 0.048828125 0.0859375
4 0.9755859375 0.765625 0.048828125 0.0869140625
4 0.0234375 0.4697265625 0.04638671875 0.05322265625
6 0.275390625 0.3876953125 0.06689453125 0.07958984375
4 0.3740234375 0.4052734375 0.048828125 0.05322265625
4 0.275390625 0.1474609375 0.04345703125 0.048828125
4 0.25390625 0.1875 0.0322265625 0.0478515625
4 0.1708984375 0.19921875 0.029296875 0.05029296875
4 0.064453125 0.1767578125 0.02783203125 0.04541015625
4 0.3896484375 0.3125 0.04150390625 0.05859375
4 0.3271484375 0.296875 0.044921875 0.0556640625
4 0.2529296875 0.2724609375 0.037109375 0.05322265625
4 0.21484375 0.2451171875 0.0380859375 0.04931640625
4 0.744140625 0.244140625 0.09033203125 0.06201171875