4 0.18359375 0.548828125 0.23388671875 0.3232421875
5 0.66015625 0.42578125 0.1884765625 0.15185546875
4 0.3193359375 0.35546875 0.185546875 0.1806640625
4 0.3896484375 0.33984375 0.076171875 0.07861328125
4 0.16796875 0.26171875 0.0537109375 0.05419921875
4 0.7314453125 0.2763671875 0.05322265625 0.07177734375
4 0.8466796875 0.2197265625 0.037109375 0.06640625
4 0.767578125 0.193359375 0.0419921875 0.04248046875
4 0.7978515625 0.173828125 0.03271484375 0.04248046875
4 0.90234375 0.12109375 0.0244140625 0.03955078125
9 0.9375 0.337890625 0.02734375 0.0986328125
9 0.630859375 0.3193359375 0.03076171875 0.08203125
9 0.6875 0.3134765625 0.02783203125 0.09912109375