4 0.3046875 0.4794921875 0.1025390625 0.1572265625
4 0.0400390625 0.57421875 0.080078125 0.1552734375
4 0.4111328125 0.3642578125 0.0791015625 0.1025390625
4 0.421875 0.2294921875 0.0576171875 0.0986328125
4 0.322265625 0.205078125 0.052734375 0.0830078125
4 0.26171875 0.193359375 0.0439453125 0.0625
4 0.1796875 0.23828125 0.064453125 0.0654296875
4 0.48046875 0.1005859375 0.044921875 0.0791015625
4 0.4814453125 0.2021484375 0.0517578125 0.08203125
4 0.541015625 0.1376953125 0.0322265625 0.048828125
4 0.6142578125 0.0927734375 0.02734375 0.0458984375
4 0.642578125 0.1572265625 0.037109375 0.05859375
4 0.708984375 0.1591796875 0.048828125 0.0625
4 0.802734375 0.2294921875 0.0537109375 0.08203125
4 0.70703125 0.5849609375 0.1337890625 0.1884765625
4 0.841796875 0.6708984375 0.19140625 0.2392578125
4 0.8740234375 0.5009765625 0.1416015625 0.1767578125
4 0.927734375 0.341796875 0.1435546875 0.142578125
4 0.666015625 0.109375 0.037109375 0.0830078125
4 0.5283203125 0.0859375 0.0556640625 0.06640625