4 0.734375 0.4111328125 0.23828125 0.27734375
4 0.771484375 0.7607421875 0.3798828125 0.458984375
4 0.927734375 0.26953125 0.1396484375 0.1767578125
4 0.9658203125 0.16015625 0.068359375 0.115234375
4 0.892578125 0.1416015625 0.078125 0.1123046875
4 0.23046875 0.2939453125 0.05078125 0.091796875
4 0.279296875 0.240234375 0.044921875 0.0712890625
0 0.544921875 0.4697265625 0.1337890625 0.099609375
0 0.58984375 0.2001953125 0.0302734375 0.1015625
0 0.720703125 0.232421875 0.0400390625 0.0791015625
0 0.6513671875 0.234375 0.037109375 0.080078125
0 0.7958984375 0.3173828125 0.060546875 0.1201171875