4 0.18359375 0.5458984375 0.236328125 0.3212890625
4 0.873046875 0.19140625 0.029296875 0.056640625
4 0.767578125 0.193359375 0.041015625 0.0498046875
4 0.7509765625 0.2548828125 0.0458984375 0.0654296875
4 0.4736328125 0.419921875 0.1572265625 0.1083984375
4 0.3662109375 0.3447265625 0.099609375 0.0986328125
4 0.2548828125 0.328125 0.1787109375 0.1240234375
9 0.990234375 0.3388671875 0.0185546875 0.115234375
9 0.634765625 0.31640625 0.021484375 0.091796875
9 0.59375 0.3291015625 0.0283203125 0.099609375
0 0.779296875 0.2841796875 0.0283203125 0.0732421875
4 0.796875 0.169921875 0.037109375 0.037109375