4 0.310546875 0.3916015625 0.1005859375 0.16015625
4 0.33984375 0.314453125 0.080078125 0.12890625
4 0.470703125 0.26953125 0.0927734375 0.12890625
4 0.603515625 0.2578125 0.1103515625 0.1591796875
4 0.689453125 0.396484375 0.169921875 0.23828125
4 0.9169921875 0.3544921875 0.125 0.240234375
4 0.7431640625 0.19140625 0.080078125 0.1083984375
0 0.388671875 0.302734375 0.046875 0.1376953125
4 0.9638671875 0.1640625 0.072265625 0.123046875
4 0.8916015625 0.1513671875 0.0830078125 0.1201171875
4 0.2119140625 0.2421875 0.0361328125 0.0634765625