4 0.09765625 0.767578125 0.16748046875 0.23876953125
4 0.1796875 0.630859375 0.14501953125 0.23876953125
4 0.236328125 0.548828125 0.1064453125 0.2109375
4 0.84765625 0.6953125 0.12939453125 0.2021484375
4 0.8349609375 0.5732421875 0.11181640625 0.12255859375
4 0.927734375 0.5419921875 0.09814453125 0.140625
4 0.96484375 0.6259765625 0.0703125 0.123046875
4 0.7978515625 0.494140625 0.107421875 0.1064453125
4 0.7080078125 0.3037109375 0.140625 0.27880859375
4 0.908203125 0.4443359375 0.09716796875 0.109375
9 0.7578125 0.6669921875 0.0400390625 0.21630859375
6 0.4580078125 0.4013671875 0.283203125 0.40625