4 0.498046875 0.7421875 0.19091796875 0.23486328125
4 0.427734375 0.5244140625 0.1376953125 0.20947265625
4 0.73046875 0.408203125 0.2197265625 0.4375
4 0.40234375 0.291015625 0.17919921875 0.2919921875
0 0.5302734375 0.4072265625 0.048828125 0.17431640625
0 0.5185546875 0.2880859375 0.03759765625 0.158203125
0 0.8984375 0.306640625 0.0380859375 0.17919921875
4 0.9677734375 0.4501953125 0.064453125 0.25146484375
9 0.720703125 0.70703125 0.06689453125 0.23779296875
9 0.638671875 0.7119140625 0.0595703125 0.24072265625
4 0.56640625 0.2158203125 0.05908203125 0.14990234375
0 0.5380859375 0.5546875 0.072265625 0.2109375