9 0.41796875 0.5546875 0.0458984375 0.1416015625
9 0.478515625 0.60546875 0.0361328125 0.1337890625
9 0.369140625 0.6142578125 0.0341796875 0.1279296875
9 0.25 0.2236328125 0.0205078125 0.0849609375
9 0.244140625 0.1376953125 0.0263671875 0.0888671875
9 0.646484375 0.0966796875 0.017578125 0.068359375
9 0.65625 0.095703125 0.025390625 0.091796875
9 0.87109375 0.2958984375 0.0234375 0.1142578125
9 0.96484375 0.4599609375 0.025390625 0.080078125
9 0.9765625 0.4912109375 0.0234375 0.0859375
4 0.92578125 0.2373046875 0.068359375 0.078125
4 0.974609375 0.2080078125 0.0478515625 0.0888671875
4 0.8193359375 0.1474609375 0.06640625 0.080078125
4 0.5419921875 0.19921875 0.078125 0.10546875
4 0.3017578125 0.060546875 0.041015625 0.0947265625
4 0.3486328125 0.03515625 0.052734375 0.0703125