4 0.0703125 0.2265625 0.1005859375 0.1259765625
4 0.705078125 0.60546875 0.1142578125 0.31982421875
4 0.896484375 0.3525390625 0.0966796875 0.20703125
4 0.5625 0.39453125 0.10888671875 0.20654296875
0 0.2529296875 0.1875 0.029296875 0.1162109375
0 0.4287109375 0.0947265625 0.025390625 0.09912109375
0 0.552734375 0.2265625 0.0283203125 0.1259765625
0 0.671875 0.35546875 0.04638671875 0.16748046875
0 0.728515625 0.341796875 0.03857421875 0.14892578125
0 0.7958984375 0.5693359375 0.05322265625 0.23681640625
0 0.9189453125 0.560546875 0.0390625 0.23095703125
0 0.826171875 0.8955078125 0.0908203125 0.208984375
0 0.67578125 0.2265625 0.0380859375 0.09765625
3 0.587890625 0.72265625 0.1923828125 0.23095703125