9 0.3671875 0.6044921875 0.041015625 0.1025390625
9 0.4794921875 0.6123046875 0.017578125 0.0888671875
9 0.4248046875 0.556640625 0.0234375 0.0986328125
9 0.248046875 0.224609375 0.0361328125 0.09765625
9 0.244140625 0.15625 0.0224609375 0.0751953125
9 0.873046875 0.3017578125 0.02734375 0.1015625
9 0.96484375 0.4609375 0.0283203125 0.080078125
9 0.6416015625 0.0927734375 0.0185546875 0.0830078125
9 0.6552734375 0.0859375 0.021484375 0.091796875
4 0.931640625 0.2373046875 0.064453125 0.0888671875
4 0.9755859375 0.2099609375 0.048828125 0.087890625
4 0.7119140625 0.138671875 0.095703125 0.0732421875
4 0.296875 0.052734375 0.0458984375 0.0751953125
4 0.3466796875 0.03515625 0.0673828125 0.0693359375