4 0.3212890625 0.3623046875 0.19140625 0.1767578125
9 0.5712890625 0.783203125 0.13671875 0.0693359375
9 0.880859375 0.3291015625 0.025390625 0.099609375
9 0.75 0.326171875 0.0283203125 0.1025390625
9 0.6796875 0.3232421875 0.0283203125 0.091796875
4 0.166015625 0.2607421875 0.05859375 0.0732421875
4 0.1796875 0.5458984375 0.236328125 0.3212890625
4 0.7138671875 0.4443359375 0.1552734375 0.1181640625
4 0.39453125 0.3408203125 0.06640625 0.0732421875
4 0.8828125 0.1376953125 0.0283203125 0.0361328125
4 0.796875 0.1708984375 0.0322265625 0.0361328125
4 0.767578125 0.193359375 0.03515625 0.0537109375
4 0.8271484375 0.2451171875 0.037109375 0.06640625
4 0.71875 0.2822265625 0.052734375 0.078125