4 0.5673828125 0.171875 0.0859375 0.08251953125
4 0.91796875 0.1083984375 0.0478515625 0.06005859375
4 0.927734375 0.2431640625 0.06689453125 0.06884765625
4 0.9755859375 0.205078125 0.048828125 0.07080078125
4 0.30078125 0.056640625 0.05078125 0.09423828125
4 0.3388671875 0.037109375 0.068359375 0.07421875
9 0.423828125 0.5537109375 0.0390625 0.12109375
9 0.478515625 0.60546875 0.0341796875 0.1318359375
9 0.3681640625 0.6171875 0.02880859375 0.125
9 0.25 0.22265625 0.02294921875 0.0859375
9 0.24609375 0.14453125 0.0224609375 0.07080078125
9 0.650390625 0.09765625 0.01513671875 0.07470703125
9 0.6591796875 0.0947265625 0.021484375 0.08349609375
9 0.873046875 0.3037109375 0.03564453125 0.111328125
9 0.966796875 0.443359375 0.0185546875 0.08544921875
9 0.9951171875 0.4990234375 0.009765625 0.09912109375