4 0.357421875 0.345703125 0.1044921875 0.08251953125
4 0.447265625 0.416015625 0.1435546875 0.08984375
4 0.1875 0.5517578125 0.24169921875 0.31005859375
4 0.23046875 0.3291015625 0.16845703125 0.11865234375
4 0.767578125 0.19140625 0.03466796875 0.03955078125
4 0.87890625 0.1865234375 0.02783203125 0.037109375
4 0.7587890625 0.2490234375 0.046875 0.06494140625
4 0.7958984375 0.169921875 0.02978515625 0.0341796875
0 0.798828125 0.2607421875 0.0205078125 0.06494140625
9 0.630859375 0.314453125 0.02734375 0.0966796875
9 0.587890625 0.3212890625 0.03173828125 0.099609375