4 0.470703125 0.8818359375 0.232421875 0.2353515625
4 0.880859375 0.5830078125 0.1650390625 0.27734375
4 0.796875 0.296875 0.1025390625 0.1650390625
4 0.236328125 0.4111328125 0.08984375 0.154296875
4 0.51953125 0.3193359375 0.140625 0.2578125
4 0.6376953125 0.3505859375 0.0712890625 0.1650390625
4 0.2158203125 0.23828125 0.0986328125 0.1826171875
0 0.365234375 0.419921875 0.0546875 0.177734375
9 0.8818359375 0.2685546875 0.025390625 0.126953125
0 0.908203125 0.7412109375 0.0859375 0.3046875
0 0.833984375 0.40625 0.0498046875 0.138671875