4 0.03515625 0.5849609375 0.0703125 0.126953125
4 0.8486328125 0.4775390625 0.14697265625 0.16162109375
4 0.830078125 0.681640625 0.2109375 0.25048828125
4 0.701171875 0.583984375 0.1376953125 0.15673828125
4 0.9287109375 0.341796875 0.123046875 0.16015625
4 0.802734375 0.236328125 0.0498046875 0.07470703125
4 0.70703125 0.1591796875 0.03515625 0.05322265625
4 0.6396484375 0.1455078125 0.02978515625 0.06103515625
4 0.6650390625 0.1025390625 0.04150390625 0.08349609375
4 0.6083984375 0.09765625 0.02880859375 0.0458984375
4 0.533203125 0.1416015625 0.03173828125 0.056640625
4 0.4130859375 0.3759765625 0.080078125 0.13525390625
4 0.3115234375 0.501953125 0.11328125 0.1767578125
4 0.3154296875 0.21484375 0.060546875 0.09423828125
4 0.171875 0.236328125 0.0615234375 0.08203125
4 0.4091796875 0.232421875 0.05322265625 0.0908203125
4 0.4814453125 0.212890625 0.064453125 0.07373046875
4 0.482421875 0.138671875 0.0439453125 0.05029296875
4 0.478515625 0.09765625 0.05419921875 0.078125
4 0.255859375 0.1865234375 0.04638671875 0.06640625