4 0.30078125 0.4072265625 0.083984375 0.140625
4 0.046875 0.576171875 0.09375 0.1484375
4 0.853515625 0.6806640625 0.2080078125 0.2587890625
4 0.7119140625 0.580078125 0.162109375 0.16796875
4 0.806640625 0.236328125 0.046875 0.0791015625
4 0.896484375 0.361328125 0.12109375 0.1865234375
4 0.7119140625 0.1572265625 0.037109375 0.05859375
4 0.6455078125 0.1650390625 0.03515625 0.05859375
4 0.4150390625 0.3515625 0.07421875 0.111328125
4 0.3330078125 0.2080078125 0.046875 0.0830078125
4 0.2646484375 0.189453125 0.0458984375 0.056640625
4 0.1962890625 0.236328125 0.060546875 0.0654296875
4 0.4541015625 0.2138671875 0.048828125 0.095703125
4 0.50390625 0.193359375 0.0517578125 0.0537109375
4 0.55078125 0.12890625 0.0302734375 0.048828125
4 0.51171875 0.1240234375 0.029296875 0.0498046875
4 0.662109375 0.115234375 0.0458984375 0.0791015625
4 0.6337890625 0.11328125 0.0341796875 0.0498046875
4 0.9697265625 0.603515625 0.060546875 0.2138671875
4 0.478515625 0.099609375 0.044921875 0.078125