4 0.3740234375 0.7177734375 0.162109375 0.27978515625
4 0.76171875 0.4755859375 0.13330078125 0.18505859375
4 0.7998046875 0.2958984375 0.10400390625 0.16650390625
4 0.2412109375 0.3876953125 0.080078125 0.13525390625
4 0.2158203125 0.22265625 0.09765625 0.16455078125
4 0.4482421875 0.2998046875 0.12744140625 0.23583984375
4 0.576171875 0.3212890625 0.0732421875 0.13525390625
4 0.6240234375 0.275390625 0.07177734375 0.11767578125
0 0.798828125 0.6123046875 0.0703125 0.26171875
0 0.3466796875 0.408203125 0.05078125 0.15283203125
0 0.5244140625 0.2939453125 0.02734375 0.13916015625
9 0.8818359375 0.275390625 0.02197265625 0.12939453125