4 0.337890625 0.6533203125 0.1435546875 0.1982421875
4 0.556640625 0.2080078125 0.0908203125 0.0576171875
4 0.681640625 0.669921875 0.203125 0.1591796875
4 0.673828125 0.564453125 0.181640625 0.099609375
4 0.6640625 0.4951171875 0.1767578125 0.0810546875
4 0.6494140625 0.4365234375 0.173828125 0.056640625
4 0.6279296875 0.3916015625 0.1640625 0.0595703125
4 0.68359375 0.3564453125 0.095703125 0.078125
4 0.728515625 0.3359375 0.1015625 0.095703125
4 0.7685546875 0.318359375 0.0751953125 0.0859375
4 0.830078125 0.302734375 0.0673828125 0.087890625
4 0.8681640625 0.2939453125 0.0595703125 0.0751953125