4 0.7880859375 0.236328125 0.056640625 0.08984375
4 0.47265625 0.2255859375 0.076171875 0.1025390625
4 0.5966796875 0.33203125 0.1552734375 0.0947265625
4 0.625 0.12109375 0.0341796875 0.0654296875
4 0.673828125 0.0986328125 0.037109375 0.0498046875
4 0.55078125 0.0947265625 0.0400390625 0.06640625
4 0.439453125 0.0986328125 0.048828125 0.087890625
4 0.486328125 0.119140625 0.037109375 0.0498046875
4 0.671875 0.6162109375 0.13671875 0.1806640625
4 0.80859375 0.69140625 0.228515625 0.2294921875
4 0.2080078125 0.4404296875 0.0947265625 0.138671875
4 0.22265625 0.2470703125 0.0947265625 0.0791015625
4 0.259765625 0.30078125 0.076171875 0.0947265625
4 0.31640625 0.12890625 0.0439453125 0.048828125
4 0.0947265625 0.2080078125 0.056640625 0.078125
4 0.1279296875 0.2509765625 0.080078125 0.08203125