6 0.4248046875 0.5556640625 0.2451171875 0.384765625
6 0.5966796875 0.4541015625 0.287109375 0.2783203125
9 0.166015625 0.556640625 0.078125 0.267578125
9 0.20703125 0.189453125 0.041015625 0.078125
9 0.318359375 0.111328125 0.033203125 0.0703125
4 0.0703125 0.3603515625 0.1376953125 0.189453125
4 0.8115234375 0.189453125 0.1015625 0.087890625
4 0.7900390625 0.078125 0.078125 0.048828125
4 0.251953125 0.271484375 0.1669921875 0.140625
4 0.380859375 0.2080078125 0.1484375 0.150390625
4 0.49609375 0.1904296875 0.0830078125 0.095703125
4 0.548828125 0.1455078125 0.1201171875 0.158203125
4 0.666015625 0.12890625 0.0751953125 0.0625