0 0.123046875 0.576171875 0.0849609375 0.25
0 0.21484375 0.4990234375 0.0625 0.2177734375
0 0.03125 0.5302734375 0.0498046875 0.208984375
0 0.7314453125 0.693359375 0.1064453125 0.3447265625
0 0.669921875 0.3935546875 0.064453125 0.208984375
0 0.1005859375 0.27734375 0.0478515625 0.1416015625
4 0.2177734375 0.177734375 0.154296875 0.2802734375
4 0.8896484375 0.5390625 0.16015625 0.3095703125
4 0.7548828125 0.2353515625 0.1044921875 0.1767578125
4 0.64453125 0.1259765625 0.0732421875 0.1142578125
4 0.580078125 0.076171875 0.0537109375 0.1005859375
9 0.91796875 0.1982421875 0.03515625 0.1083984375