4 0.095703125 0.2099609375 0.0517578125 0.08203125
4 0.12109375 0.2470703125 0.07080078125 0.07958984375
4 0.224609375 0.236328125 0.0908203125 0.08251953125
4 0.263671875 0.310546875 0.0732421875 0.10498046875
4 0.375 0.259765625 0.0712890625 0.07861328125
4 0.2783203125 0.2099609375 0.046875 0.087890625
4 0.31640625 0.123046875 0.0380859375 0.03955078125
4 0.49609375 0.171875 0.04248046875 0.07080078125
4 0.44140625 0.0947265625 0.05126953125 0.099609375
4 0.595703125 0.0859375 0.0390625 0.06640625
4 0.65234375 0.1044921875 0.03955078125 0.0625
4 0.7880859375 0.2431640625 0.05859375 0.08349609375
4 0.6279296875 0.1748046875 0.044921875 0.07275390625
4 0.5908203125 0.3251953125 0.14697265625 0.10400390625
4 0.6923828125 0.27734375 0.080078125 0.09814453125
4 0.669921875 0.615234375 0.11328125 0.1826171875
4 0.8037109375 0.6982421875 0.224609375 0.24365234375
4 0.509765625 0.701171875 0.21484375 0.25390625
4 0.4970703125 0.91015625 0.236328125 0.171875
4 0.521484375 0.1015625 0.03466796875 0.03955078125