4 0.1181640625 0.2734375 0.103515625 0.0947265625
4 0.935546875 0.8974609375 0.1279296875 0.205078125
4 0.90625 0.37890625 0.150390625 0.1259765625
4 0.681640625 0.5263671875 0.119140625 0.1474609375
4 0.6591796875 0.826171875 0.212890625 0.33984375
4 0.35546875 0.580078125 0.1640625 0.169921875
4 0.525390625 0.3662109375 0.076171875 0.091796875
4 0.48828125 0.2958984375 0.0517578125 0.0751953125
4 0.4501953125 0.236328125 0.0458984375 0.0986328125
4 0.369140625 0.3046875 0.052734375 0.0859375
4 0.3154296875 0.4072265625 0.0908203125 0.1640625
4 0.357421875 0.220703125 0.041015625 0.052734375
4 0.361328125 0.14453125 0.025390625 0.033203125
4 0.3955078125 0.146484375 0.0205078125 0.0419921875
4 0.359375 0.107421875 0.0234375 0.033203125
4 0.376953125 0.072265625 0.025390625 0.044921875