4 0.353515625 0.6806640625 0.162109375 0.2685546875
4 0.7373046875 0.4462890625 0.126953125 0.1806640625
4 0.794921875 0.2841796875 0.10546875 0.142578125
4 0.5703125 0.310546875 0.05859375 0.1474609375
4 0.61328125 0.2734375 0.0810546875 0.115234375
4 0.4384765625 0.294921875 0.130859375 0.248046875
4 0.21484375 0.2109375 0.095703125 0.1494140625
4 0.2421875 0.376953125 0.0693359375 0.138671875
0 0.7783203125 0.5791015625 0.064453125 0.2314453125
0 0.3369140625 0.3876953125 0.041015625 0.1513671875
0 0.517578125 0.29296875 0.0322265625 0.140625
9 0.884765625 0.2783203125 0.0322265625 0.1142578125