4 0.2529296875 0.189453125 0.0419921875 0.0615234375
4 0.17578125 0.2392578125 0.0556640625 0.087890625
4 0.31640625 0.533203125 0.119140625 0.1865234375
4 0.033203125 0.5849609375 0.06640625 0.126953125
4 0.6943359375 0.5869140625 0.119140625 0.1806640625
4 0.833984375 0.6748046875 0.1923828125 0.2392578125
4 0.818359375 0.458984375 0.119140625 0.1640625
4 0.80078125 0.236328125 0.044921875 0.0830078125
4 0.705078125 0.1552734375 0.0390625 0.0625
4 0.4111328125 0.37890625 0.0791015625 0.111328125
4 0.3994140625 0.2451171875 0.052734375 0.087890625
4 0.47265625 0.2080078125 0.052734375 0.0732421875
4 0.3125 0.205078125 0.056640625 0.087890625
4 0.5302734375 0.150390625 0.0322265625 0.0615234375
4 0.4765625 0.1435546875 0.03515625 0.052734375
4 0.47265625 0.0986328125 0.0419921875 0.0712890625
4 0.60546875 0.099609375 0.0322265625 0.056640625
4 0.638671875 0.146484375 0.0341796875 0.0712890625
4 0.6669921875 0.1005859375 0.05078125 0.091796875