4 0.2158203125 0.6484375 0.1201171875 0.21484375
4 0.59375 0.3349609375 0.1591796875 0.1025390625
4 0.78515625 0.240234375 0.05078125 0.0859375
4 0.421875 0.2236328125 0.060546875 0.08984375
4 0.27734375 0.2138671875 0.056640625 0.0830078125
4 0.228515625 0.2490234375 0.099609375 0.08984375
4 0.197265625 0.3349609375 0.0732421875 0.1279296875
4 0.1201171875 0.2431640625 0.072265625 0.0830078125
4 0.439453125 0.0986328125 0.052734375 0.087890625
4 0.53125 0.125 0.0419921875 0.0654296875
4 0.6328125 0.1044921875 0.037109375 0.05859375
4 0.58203125 0.0966796875 0.0341796875 0.0537109375
4 0.501953125 0.19921875 0.0419921875 0.0830078125
4 0.490234375 0.1123046875 0.0283203125 0.056640625
4 0.4658203125 0.2021484375 0.041015625 0.08203125
4 0.8134765625 0.705078125 0.212890625 0.2587890625
4 0.66796875 0.607421875 0.11328125 0.193359375