4 0.0908203125 0.2119140625 0.04150390625 0.087890625
4 0.1220703125 0.255859375 0.078125 0.07470703125
4 0.2216796875 0.2431640625 0.103515625 0.08349609375
4 0.255859375 0.318359375 0.0732421875 0.10498046875
4 0.2763671875 0.212890625 0.05224609375 0.06982421875
4 0.3154296875 0.12109375 0.0390625 0.05419921875
4 0.3642578125 0.2607421875 0.07421875 0.08203125
4 0.4951171875 0.1748046875 0.048828125 0.06103515625
4 0.4404296875 0.08984375 0.048828125 0.0927734375
4 0.587890625 0.0830078125 0.04345703125 0.06884765625
4 0.521484375 0.10546875 0.0361328125 0.0458984375
4 0.6533203125 0.109375 0.04150390625 0.0537109375
4 0.6279296875 0.1767578125 0.04541015625 0.06884765625
4 0.7890625 0.2431640625 0.05419921875 0.095703125
4 0.671875 0.2744140625 0.10888671875 0.091796875
4 0.5908203125 0.3349609375 0.162109375 0.10791015625
4 0.6728515625 0.5927734375 0.11572265625 0.203125
4 0.8056640625 0.6875 0.23193359375 0.23046875
4 0.5478515625 0.7412109375 0.232421875 0.283203125