4 0.5419921875 0.3017578125 0.1328125 0.291015625
4 0.919921875 0.609375 0.1591796875 0.2548828125
4 0.7958984375 0.294921875 0.103515625 0.1640625
4 0.65625 0.357421875 0.060546875 0.1494140625
4 0.4970703125 0.9072265625 0.236328125 0.185546875
4 0.2353515625 0.4150390625 0.083984375 0.146484375
4 0.2177734375 0.2314453125 0.111328125 0.1806640625
0 0.37109375 0.423828125 0.048828125 0.1669921875
0 0.2734375 0.326171875 0.033203125 0.125
0 0.84765625 0.4306640625 0.056640625 0.16796875
4 0.748046875 0.244140625 0.0791015625 0.1044921875
9 0.8818359375 0.271484375 0.01953125 0.115234375
0 0.935546875 0.7744140625 0.087890625 0.29296875