6 0.798828125 0.4287109375 0.2236328125 0.15234375
4 0.787109375 0.2431640625 0.05517578125 0.087890625
4 0.650390625 0.2490234375 0.0673828125 0.095703125
4 0.642578125 0.1376953125 0.0361328125 0.052734375
4 0.6923828125 0.08984375 0.04052734375 0.07470703125
4 0.525390625 0.1171875 0.0361328125 0.05859375
4 0.458984375 0.2099609375 0.05078125 0.06884765625
4 0.36328125 0.21875 0.0478515625 0.06591796875
4 0.25390625 0.4267578125 0.09326171875 0.177734375
4 0.2734375 0.212890625 0.05810546875 0.09423828125
4 0.322265625 0.326171875 0.0888671875 0.12841796875
4 0.1962890625 0.23828125 0.0859375 0.08203125
4 0.123046875 0.2529296875 0.06640625 0.08203125
4 0.0908203125 0.2119140625 0.048828125 0.08349609375
4 0.318359375 0.125 0.0439453125 0.0537109375
4 0.451171875 0.0947265625 0.0654296875 0.095703125
4 0.67578125 0.615234375 0.11376953125 0.19482421875
4 0.8095703125 0.71484375 0.2265625 0.28076171875