9 0.4794921875 0.59765625 0.04443359375 0.12451171875
9 0.4228515625 0.5615234375 0.037109375 0.13525390625
9 0.3671875 0.607421875 0.03173828125 0.11279296875
9 0.2509765625 0.2109375 0.025390625 0.0927734375
9 0.2421875 0.138671875 0.02392578125 0.0751953125
9 0.8740234375 0.294921875 0.02197265625 0.10888671875
9 0.96875 0.4541015625 0.02294921875 0.09912109375
9 0.6435546875 0.087890625 0.021484375 0.07861328125
9 0.6572265625 0.0927734375 0.0234375 0.08984375
4 0.583984375 0.16796875 0.09716796875 0.0859375
4 0.9521484375 0.0927734375 0.060546875 0.078125
4 0.93359375 0.23046875 0.05810546875 0.09765625
4 0.974609375 0.203125 0.05029296875 0.0771484375
4 0.298828125 0.0546875 0.04296875 0.08203125
4 0.34765625 0.03515625 0.0546875 0.0703125