9 0.30859375 0.2080078125 0.0205078125 0.08203125
9 0.330078125 0.19140625 0.0205078125 0.0751953125
9 0.7109375 0.283203125 0.0166015625 0.1083984375
9 0.73046875 0.2861328125 0.0205078125 0.08984375
4 0.3154296875 0.3525390625 0.060546875 0.1142578125
4 0.064453125 0.236328125 0.08984375 0.0693359375
4 0.3896484375 0.21875 0.064453125 0.08203125
4 0.4599609375 0.2900390625 0.080078125 0.08984375
4 0.6435546875 0.38671875 0.138671875 0.0859375
4 0.794921875 0.3427734375 0.1015625 0.0732421875
4 0.919921875 0.53515625 0.16015625 0.279296875