4 0.166015625 0.267578125 0.0654296875 0.06201171875
9 0.94140625 0.3330078125 0.02783203125 0.091796875
9 0.62890625 0.3291015625 0.0244140625 0.087890625
9 0.677734375 0.3232421875 0.0263671875 0.095703125
4 0.90234375 0.12109375 0.02001953125 0.0322265625
4 0.73046875 0.275390625 0.05419921875 0.078125
4 0.765625 0.19140625 0.03173828125 0.0556640625
4 0.796875 0.171875 0.0380859375 0.05419921875
4 0.8525390625 0.21484375 0.037109375 0.0556640625
4 0.3154296875 0.3544921875 0.181640625 0.16796875
4 0.1806640625 0.5458984375 0.236328125 0.3125
5 0.6416015625 0.4287109375 0.17822265625 0.19384765625
4 0.3916015625 0.345703125 0.06640625 0.08251953125