0 0.359375 0.4130859375 0.048828125 0.1806640625
0 0.8037109375 0.3974609375 0.0537109375 0.1328125
0 0.875 0.708984375 0.080078125 0.2666015625
4 0.236328125 0.4072265625 0.087890625 0.1513671875
4 0.5009765625 0.3154296875 0.1396484375 0.2490234375
4 0.623046875 0.349609375 0.080078125 0.1669921875
4 0.7958984375 0.29296875 0.109375 0.1640625
4 0.4423828125 0.85546875 0.216796875 0.2890625
4 0.2119140625 0.2314453125 0.099609375 0.1806640625
9 0.4443359375 0.447265625 0.0537109375 0.07421875
9 0.880859375 0.271484375 0.0205078125 0.1201171875
4 0.6318359375 0.28515625 0.080078125 0.13671875