0 0.701171875 0.4677734375 0.0458984375 0.2001953125
0 0.822265625 0.3818359375 0.0400390625 0.1689453125
0 0.71875 0.3525390625 0.041015625 0.1474609375
0 0.67578125 0.205078125 0.033203125 0.1181640625
0 0.62890625 0.1962890625 0.037109375 0.12890625
0 0.1708984375 0.3291015625 0.048828125 0.1533203125
0 0.39453125 0.1953125 0.0322265625 0.107421875
0 0.068359375 0.2841796875 0.0390625 0.1572265625
0 0.546875 0.0927734375 0.0244140625 0.0966796875
4 0.5927734375 0.3408203125 0.068359375 0.1884765625
4 0.8896484375 0.345703125 0.109375 0.2314453125
4 0.0625 0.2158203125 0.1015625 0.1201171875
4 0.5439453125 0.193359375 0.064453125 0.123046875
0 0.5166015625 0.34765625 0.0390625 0.158203125
9 0.5947265625 0.546875 0.029296875 0.216796875
9 0.5712890625 0.5390625 0.029296875 0.205078125
9 0.7919921875 0.185546875 0.0224609375 0.1025390625
9 0.75390625 0.14453125 0.017578125 0.091796875