4 0.5634765625 0.419921875 0.15771484375 0.10888671875
9 0.6533203125 0.3193359375 0.02197265625 0.09521484375
9 0.609375 0.3271484375 0.0244140625 0.087890625
9 0.96484375 0.3349609375 0.02734375 0.107421875
4 0.7421875 0.2705078125 0.0556640625 0.07568359375
4 0.7685546875 0.19140625 0.04443359375 0.05419921875
4 0.7998046875 0.171875 0.033203125 0.04638671875
4 0.861328125 0.205078125 0.0390625 0.05859375
4 0.384765625 0.349609375 0.0810546875 0.08984375
4 0.2900390625 0.3544921875 0.185546875 0.16796875
4 0.1845703125 0.5498046875 0.23193359375 0.30322265625
4 0.912109375 0.11328125 0.0263671875 0.0380859375
0 0.705078125 0.3642578125 0.0341796875 0.12255859375
4 0.1689453125 0.259765625 0.05224609375 0.07470703125