6 0.4248046875 0.5556640625 0.24462890625 0.384765625
6 0.5966796875 0.4541015625 0.287109375 0.27880859375
9 0.166015625 0.556640625 0.078125 0.2685546875
9 0.20703125 0.189453125 0.0400390625 0.078125
9 0.318359375 0.111328125 0.0341796875 0.0703125
4 0.0703125 0.3603515625 0.13720703125 0.189453125
4 0.8115234375 0.189453125 0.1015625 0.0888671875
4 0.7900390625 0.078125 0.078125 0.0478515625
4 0.251953125 0.271484375 0.16748046875 0.140625
4 0.380859375 0.2080078125 0.1484375 0.150390625
4 0.49609375 0.1904296875 0.08251953125 0.095703125
4 0.548828125 0.1455078125 0.12060546875 0.158203125
4 0.666015625 0.12890625 0.07470703125 0.0625