4 0.033203125 0.6005859375 0.06640625 0.1240234375
4 0.171875 0.234375 0.0673828125 0.0791015625
4 0.248046875 0.1953125 0.0419921875 0.0712890625
4 0.3115234375 0.2099609375 0.0537109375 0.0947265625
4 0.412109375 0.3837890625 0.0908203125 0.1083984375
4 0.3271484375 0.572265625 0.125 0.1845703125
4 0.796875 0.4482421875 0.123046875 0.177734375
4 0.798828125 0.234375 0.05078125 0.0751953125
4 0.701171875 0.1591796875 0.0419921875 0.05859375
4 0.6376953125 0.1435546875 0.0390625 0.048828125
4 0.5263671875 0.15234375 0.0400390625 0.0498046875
4 0.4716796875 0.1484375 0.0390625 0.0498046875
4 0.46484375 0.205078125 0.052734375 0.0830078125
4 0.38671875 0.2490234375 0.06640625 0.0947265625
4 0.47265625 0.09765625 0.0556640625 0.078125
4 0.6015625 0.09765625 0.0322265625 0.044921875
4 0.666015625 0.09765625 0.048828125 0.08984375
4 0.8330078125 0.6806640625 0.2041015625 0.24609375
4 0.6962890625 0.5888671875 0.123046875 0.16796875