6 0.279296875 0.404296875 0.07373046875 0.10498046875
4 0.896484375 0.6884765625 0.0625 0.1015625
4 0.974609375 0.7626953125 0.05029296875 0.099609375
4 0.498046875 0.3603515625 0.07373046875 0.107421875
4 0.455078125 0.45703125 0.0546875 0.0771484375
4 0.373046875 0.4033203125 0.05908203125 0.056640625
4 0.61328125 0.1494140625 0.0458984375 0.056640625
4 0.2265625 0.125 0.0390625 0.05029296875
4 0.169921875 0.201171875 0.0361328125 0.0439453125
4 0.3837890625 0.310546875 0.0390625 0.05810546875
4 0.326171875 0.2998046875 0.05126953125 0.05224609375
4 0.248046875 0.2734375 0.0390625 0.0556640625
4 0.21875 0.2470703125 0.05029296875 0.041015625
4 0.06640625 0.177734375 0.0322265625 0.0419921875
4 0.744140625 0.24609375 0.0859375 0.07373046875