4 0.0615234375 0.2275390625 0.091796875 0.06884765625
4 0.3134765625 0.345703125 0.0625 0.10888671875
4 0.390625 0.22265625 0.0634765625 0.0869140625
4 0.458984375 0.283203125 0.0810546875 0.0908203125
4 0.701171875 0.38671875 0.11767578125 0.09423828125
4 0.841796875 0.3388671875 0.0986328125 0.09521484375
4 0.8896484375 0.5419921875 0.220703125 0.29150390625
9 0.701171875 0.2763671875 0.02001953125 0.087890625
9 0.7177734375 0.2822265625 0.02197265625 0.0859375
9 0.3134765625 0.201171875 0.02734375 0.07080078125
9 0.3359375 0.19140625 0.0224609375 0.05859375