4 0.69140625 0.4384765625 0.21533203125 0.138671875
4 0.6591796875 0.267578125 0.07275390625 0.10205078125
4 0.791015625 0.2490234375 0.05517578125 0.08984375
4 0.9248046875 0.544921875 0.150390625 0.171875
4 0.8212890625 0.697265625 0.208984375 0.25390625
4 0.673828125 0.61328125 0.14404296875 0.1728515625
4 0.2548828125 0.3837890625 0.09521484375 0.15478515625
4 0.341796875 0.30078125 0.09033203125 0.1103515625
4 0.2724609375 0.2099609375 0.056640625 0.09912109375
4 0.19140625 0.236328125 0.07861328125 0.0859375
4 0.115234375 0.24609375 0.0595703125 0.08203125
4 0.095703125 0.2080078125 0.0654296875 0.07568359375
4 0.46875 0.205078125 0.0478515625 0.07861328125
4 0.375 0.2099609375 0.0478515625 0.06884765625
4 0.3154296875 0.123046875 0.04150390625 0.0576171875
4 0.4443359375 0.0927734375 0.0625 0.08203125
4 0.53515625 0.1123046875 0.04248046875 0.06103515625
4 0.6474609375 0.140625 0.05322265625 0.05859375