4 0.0732421875 0.671875 0.146484375 0.32470703125
4 0.1435546875 0.2568359375 0.048828125 0.07275390625
4 0.818359375 0.12109375 0.04248046875 0.07470703125
4 0.986328125 0.09765625 0.02685546875 0.0537109375
4 0.953125 0.1455078125 0.03173828125 0.078125
4 0.90625 0.125 0.03466796875 0.0556640625
4 0.859375 0.0966796875 0.03955078125 0.06640625
4 0.5517578125 0.7490234375 0.265625 0.3359375
4 0.5869140625 0.4013671875 0.15869140625 0.16552734375
4 0.20703125 0.3515625 0.08154296875 0.09423828125
4 0.3955078125 0.28125 0.25537109375 0.2666015625