4 0.072265625 0.3857421875 0.0654296875 0.1455078125
4 0.4599609375 0.611328125 0.2109375 0.3115234375
4 0.44921875 0.4169921875 0.1611328125 0.1826171875
4 0.560546875 0.3212890625 0.1533203125 0.1826171875
4 0.783203125 0.3759765625 0.20703125 0.2861328125
4 0.8056640625 0.220703125 0.1181640625 0.1337890625
4 0.9638671875 0.1708984375 0.0712890625 0.140625
4 0.8916015625 0.15234375 0.080078125 0.1083984375
0 0.6279296875 0.2158203125 0.0283203125 0.1044921875
0 0.5771484375 0.208984375 0.0322265625 0.0693359375
0 0.5302734375 0.181640625 0.0302734375 0.0888671875
4 0.2177734375 0.2607421875 0.046875 0.068359375
4 0.267578125 0.224609375 0.0390625 0.064453125