9 0.634765625 0.576171875 0.0751953125 0.15576171875
9 0.6533203125 0.328125 0.03369140625 0.0859375
9 0.712890625 0.3232421875 0.02783203125 0.10302734375
9 0.9140625 0.330078125 0.03076171875 0.1142578125
4 0.89453125 0.12890625 0.02783203125 0.03955078125
5 0.693359375 0.4384765625 0.17919921875 0.12744140625
4 0.7958984375 0.173828125 0.02880859375 0.04248046875
4 0.1669921875 0.265625 0.05615234375 0.0556640625
4 0.32421875 0.357421875 0.1884765625 0.1767578125
4 0.392578125 0.34765625 0.0654296875 0.07861328125
4 0.181640625 0.5498046875 0.23095703125 0.31640625
4 0.7275390625 0.2802734375 0.05322265625 0.06884765625
4 0.765625 0.19140625 0.03466796875 0.04248046875
4 0.8369140625 0.2275390625 0.03369140625 0.06494140625