4 0.3154296875 0.349609375 0.05859375 0.1181640625
4 0.4833984375 0.419921875 0.1416015625 0.1142578125
4 0.060546875 0.228515625 0.0859375 0.06640625
4 0.05078125 0.169921875 0.0830078125 0.05859375
4 0.390625 0.2177734375 0.0693359375 0.087890625
4 0.9775390625 0.501953125 0.044921875 0.2109375
4 0.6123046875 0.3291015625 0.126953125 0.0830078125
4 0.4580078125 0.2822265625 0.076171875 0.0947265625
9 0.74609375 0.2763671875 0.037109375 0.0830078125
9 0.298828125 0.2119140625 0.025390625 0.0751953125
9 0.3212890625 0.1962890625 0.0185546875 0.078125