4 0.384765625 0.4990234375 0.142578125 0.2314453125
4 0.5234375 0.298828125 0.1279296875 0.166015625
4 0.7001953125 0.3193359375 0.158203125 0.2216796875
4 0.90625 0.6494140625 0.1875 0.4326171875
4 0.7783203125 0.205078125 0.1005859375 0.130859375
0 0.6064453125 0.201171875 0.0322265625 0.09765625
0 0.5546875 0.19921875 0.0283203125 0.0830078125
0 0.515625 0.173828125 0.0205078125 0.076171875
4 0.9599609375 0.1669921875 0.07421875 0.130859375
4 0.892578125 0.1572265625 0.072265625 0.10546875
5 0.404296875 0.365234375 0.1162109375 0.21484375
4 0.0634765625 0.400390625 0.0615234375 0.1533203125
4 0.21484375 0.2578125 0.04296875 0.08203125