4 0.03125 0.59765625 0.0625 0.1474609375
4 0.3388671875 0.603515625 0.134765625 0.197265625
4 0.416015625 0.3857421875 0.087890625 0.1181640625
4 0.376953125 0.25390625 0.0576171875 0.087890625
4 0.3125 0.2099609375 0.0537109375 0.095703125
4 0.24609375 0.1884765625 0.046875 0.0751953125
4 0.166015625 0.2412109375 0.068359375 0.0830078125
4 0.4580078125 0.2099609375 0.060546875 0.08203125
4 0.7978515625 0.236328125 0.052734375 0.087890625
4 0.701171875 0.1572265625 0.041015625 0.05859375
4 0.63671875 0.1357421875 0.033203125 0.052734375
4 0.5244140625 0.15625 0.041015625 0.056640625
4 0.46484375 0.158203125 0.0458984375 0.048828125
4 0.46875 0.0947265625 0.064453125 0.0830078125
4 0.59375 0.0986328125 0.029296875 0.0458984375
4 0.6650390625 0.0927734375 0.046875 0.0859375
4 0.697265625 0.1044921875 0.02734375 0.037109375
4 0.7734375 0.423828125 0.1201171875 0.1640625
4 0.8251953125 0.671875 0.2060546875 0.25
4 0.685546875 0.5869140625 0.08984375 0.1767578125