4 0.0615234375 0.1708984375 0.033203125 0.03662109375
4 0.615234375 0.14453125 0.04345703125 0.05810546875
4 0.888671875 0.6826171875 0.05810546875 0.072265625
4 0.9736328125 0.7666015625 0.052734375 0.099609375
4 0.263671875 0.4873046875 0.04345703125 0.08837890625
4 0.44921875 0.451171875 0.0615234375 0.06689453125
6 0.3525390625 0.408203125 0.091796875 0.0595703125
4 0.439453125 0.302734375 0.08251953125 0.08251953125
4 0.765625 0.236328125 0.09033203125 0.0576171875
4 0.2724609375 0.154296875 0.044921875 0.0517578125
4 0.224609375 0.119140625 0.03466796875 0.0439453125
4 0.197265625 0.146484375 0.03466796875 0.0498046875
4 0.169921875 0.19921875 0.0419921875 0.0400390625
4 0.3515625 0.3115234375 0.04248046875 0.05712890625
4 0.3388671875 0.26953125 0.03662109375 0.0478515625
4 0.251953125 0.279296875 0.04248046875 0.05908203125
4 0.216796875 0.2412109375 0.03466796875 0.04931640625
4 0.193359375 0.216796875 0.0283203125 0.04248046875