4 0.126953125 0.2509765625 0.05859375 0.0693359375
4 0.103515625 0.2080078125 0.048828125 0.08984375
4 0.2763671875 0.33203125 0.0732421875 0.1357421875
4 0.28125 0.2119140625 0.060546875 0.087890625
4 0.21484375 0.18359375 0.0439453125 0.0654296875
4 0.189453125 0.2412109375 0.072265625 0.095703125
4 0.322265625 0.12109375 0.0400390625 0.052734375
4 0.3837890625 0.263671875 0.0693359375 0.08984375
4 0.3984375 0.19140625 0.0537109375 0.0537109375
4 0.4814453125 0.19140625 0.037109375 0.05859375
4 0.443359375 0.08984375 0.056640625 0.099609375
4 0.4921875 0.078125 0.0439453125 0.0859375
4 0.552734375 0.1044921875 0.0341796875 0.0537109375
4 0.6328125 0.1044921875 0.037109375 0.0712890625
4 0.7880859375 0.2470703125 0.060546875 0.087890625
4 0.6748046875 0.2998046875 0.0830078125 0.1083984375
4 0.560546875 0.43359375 0.228515625 0.134765625
4 0.673828125 0.6044921875 0.125 0.169921875
4 0.810546875 0.6884765625 0.2177734375 0.2412109375
4 0.6650390625 0.15234375 0.0537109375 0.0625
4 0.6748046875 0.0888671875 0.037109375 0.0732421875