4 0.060546875 0.228515625 0.091796875 0.0791015625
4 0.3125 0.349609375 0.068359375 0.1279296875
4 0.9287109375 0.5263671875 0.142578125 0.259765625
4 0.76171875 0.34375 0.111328125 0.095703125
4 0.615234375 0.40234375 0.1337890625 0.1220703125
4 0.45703125 0.2841796875 0.076171875 0.0947265625
4 0.390625 0.2177734375 0.064453125 0.087890625
9 0.306640625 0.2041015625 0.0283203125 0.0654296875
9 0.716796875 0.2822265625 0.0234375 0.0732421875
9 0.7333984375 0.283203125 0.0205078125 0.0751953125
9 0.328125 0.193359375 0.0205078125 0.0693359375