4 0.0712890625 0.357421875 0.1357421875 0.171875
4 0.2587890625 0.279296875 0.1435546875 0.138671875
4 0.810546875 0.1904296875 0.1015625 0.0810546875
4 0.6220703125 0.1318359375 0.0703125 0.0703125
4 0.697265625 0.126953125 0.0546875 0.0673828125
4 0.798828125 0.0830078125 0.064453125 0.052734375
4 0.5341796875 0.1416015625 0.169921875 0.169921875
4 0.4951171875 0.201171875 0.091796875 0.1015625
4 0.380859375 0.20703125 0.1435546875 0.1455078125
9 0.166015625 0.5625 0.0966796875 0.265625
9 0.2109375 0.1826171875 0.0341796875 0.0908203125
9 0.3154296875 0.111328125 0.029296875 0.0810546875
9 0.087890625 0.1826171875 0.033203125 0.1201171875
6 0.4248046875 0.5556640625 0.251953125 0.4091796875
6 0.59375 0.447265625 0.296875 0.3076171875