4 0.09375 0.2080078125 0.0458984375 0.07568359375
4 0.123046875 0.2529296875 0.07421875 0.08203125
4 0.2294921875 0.236328125 0.107421875 0.08251953125
4 0.2802734375 0.2119140625 0.05615234375 0.07177734375
4 0.201171875 0.3232421875 0.07861328125 0.111328125
4 0.21484375 0.6025390625 0.11376953125 0.2109375
4 0.7861328125 0.2412109375 0.05615234375 0.091796875
4 0.6650390625 0.607421875 0.115234375 0.18017578125
4 0.80859375 0.6962890625 0.21923828125 0.24755859375
4 0.5908203125 0.330078125 0.154296875 0.09814453125
4 0.427734375 0.224609375 0.0732421875 0.08251953125
4 0.49609375 0.1953125 0.0322265625 0.06640625
4 0.443359375 0.0908203125 0.05419921875 0.07275390625
4 0.53515625 0.1015625 0.04248046875 0.078125
4 0.4970703125 0.10546875 0.02880859375 0.0556640625
4 0.6298828125 0.1005859375 0.03515625 0.05859375
4 0.6875 0.1005859375 0.03173828125 0.05322265625
4 0.587890625 0.0947265625 0.03173828125 0.06103515625