4 0.505859375 0.509765625 0.14404296875 0.2421875
4 0.4228515625 0.4306640625 0.12890625 0.21728515625
4 0.501953125 0.287109375 0.07763671875 0.1328125
4 0.69140625 0.3125 0.1005859375 0.1171875
4 0.16015625 0.1845703125 0.08154296875 0.08984375
4 0.2998046875 0.1533203125 0.037109375 0.068359375
0 0.2333984375 0.625 0.123046875 0.22607421875
0 0.1513671875 0.599609375 0.087890625 0.1923828125
0 0.794921875 0.4375 0.04736328125 0.15673828125
0 0.8193359375 0.306640625 0.033203125 0.09423828125
0 0.19921875 0.458984375 0.11376953125 0.125
9 0.287109375 0.3623046875 0.03515625 0.1171875
9 0.0849609375 0.3291015625 0.03515625 0.09521484375
9 0.111328125 0.3125 0.03125 0.10595703125
9 0.646484375 0.1884765625 0.02294921875 0.0703125