4 0.02734375 0.599609375 0.0546875 0.1259765625
4 0.3603515625 0.6552734375 0.154296875 0.20703125
4 0.6953125 0.59765625 0.119140625 0.16796875
4 0.8203125 0.6748046875 0.205078125 0.2392578125
4 0.75390625 0.3984375 0.1044921875 0.138671875
4 0.7998046875 0.232421875 0.0517578125 0.0712890625
4 0.6982421875 0.1591796875 0.046875 0.05859375
4 0.63671875 0.1357421875 0.037109375 0.0537109375
4 0.6669921875 0.08984375 0.041015625 0.0830078125
4 0.5888671875 0.0986328125 0.0302734375 0.0498046875
4 0.46484375 0.087890625 0.056640625 0.087890625
4 0.5146484375 0.0859375 0.05078125 0.06640625
4 0.5166015625 0.1611328125 0.0400390625 0.0537109375
4 0.4580078125 0.16015625 0.056640625 0.048828125
4 0.44921875 0.22265625 0.06640625 0.087890625
4 0.421875 0.3955078125 0.1083984375 0.115234375
4 0.36328125 0.26171875 0.064453125 0.099609375
4 0.3037109375 0.2080078125 0.060546875 0.0947265625
4 0.2421875 0.189453125 0.05078125 0.0732421875
4 0.1630859375 0.236328125 0.060546875 0.0693359375