4 0.55078125 0.1982421875 0.08935546875 0.08447265625
4 0.857421875 0.1337890625 0.0546875 0.068359375
4 0.9296875 0.244140625 0.0703125 0.08544921875
4 0.9755859375 0.21484375 0.048828125 0.0693359375
4 0.302734375 0.0625 0.03955078125 0.08251953125
4 0.3486328125 0.0400390625 0.060546875 0.07568359375
9 0.4228515625 0.5615234375 0.04150390625 0.14697265625
9 0.4765625 0.59765625 0.0400390625 0.12109375
9 0.3662109375 0.6162109375 0.033203125 0.12109375
9 0.2509765625 0.21484375 0.02978515625 0.09765625
9 0.2392578125 0.1240234375 0.02197265625 0.078125
9 0.64453125 0.0888671875 0.015625 0.06396484375
9 0.6572265625 0.0947265625 0.021484375 0.08984375
9 0.8720703125 0.2939453125 0.025390625 0.10400390625