4 0.18359375 0.5498046875 0.23095703125 0.337890625
4 0.2158203125 0.3212890625 0.154296875 0.11865234375
4 0.427734375 0.4091796875 0.14794921875 0.091796875
4 0.353515625 0.341796875 0.1064453125 0.07470703125
4 0.9248046875 0.1015625 0.01806640625 0.03173828125
4 0.8828125 0.1787109375 0.0302734375 0.04150390625
4 0.796875 0.169921875 0.02783203125 0.04638671875
4 0.767578125 0.19140625 0.0419921875 0.04248046875
4 0.76953125 0.2451171875 0.0458984375 0.0625
9 0.6240234375 0.31640625 0.021484375 0.0927734375
0 0.8125 0.23828125 0.0166015625 0.08203125
9 0.5751953125 0.3212890625 0.029296875 0.095703125