4 0.0703125 0.2265625 0.099609375 0.126953125
4 0.705078125 0.60546875 0.115234375 0.3193359375
4 0.896484375 0.3525390625 0.095703125 0.20703125
4 0.5625 0.39453125 0.1083984375 0.2060546875
0 0.2529296875 0.1875 0.029296875 0.115234375
0 0.4287109375 0.0947265625 0.025390625 0.0986328125
0 0.552734375 0.2265625 0.029296875 0.126953125
0 0.671875 0.35546875 0.0458984375 0.1669921875
0 0.728515625 0.341796875 0.0380859375 0.1494140625
0 0.7958984375 0.5693359375 0.0537109375 0.2373046875
0 0.9189453125 0.560546875 0.0390625 0.2314453125
0 0.826171875 0.8955078125 0.091796875 0.208984375
0 0.67578125 0.2265625 0.037109375 0.09765625
3 0.587890625 0.72265625 0.193359375 0.2314453125