4 0.716796875 0.4482421875 0.1611328125 0.119140625
4 0.830078125 0.2431640625 0.04248046875 0.05859375
4 0.3251953125 0.3623046875 0.1875 0.17724609375
4 0.18359375 0.546875 0.2412109375 0.3193359375
4 0.1708984375 0.265625 0.05078125 0.06201171875
4 0.767578125 0.1953125 0.03466796875 0.05029296875
4 0.798828125 0.1708984375 0.03076171875 0.048828125
4 0.884765625 0.1337890625 0.0263671875 0.037109375
4 0.71875 0.2802734375 0.0478515625 0.078125
9 0.5830078125 0.736328125 0.13525390625 0.07470703125
9 0.88671875 0.3271484375 0.01904296875 0.10791015625
9 0.671875 0.3251953125 0.02783203125 0.091796875
9 0.73828125 0.3212890625 0.0234375 0.095703125