4 0.5302734375 0.205078125 0.07568359375 0.11669921875
4 0.7724609375 0.173828125 0.06396484375 0.07861328125
4 0.3466796875 0.0380859375 0.064453125 0.072265625
4 0.302734375 0.0595703125 0.05126953125 0.095703125
4 0.9296875 0.2392578125 0.06640625 0.06884765625
4 0.978515625 0.2041015625 0.04248046875 0.05859375
9 0.873046875 0.2958984375 0.02783203125 0.09765625
9 0.642578125 0.0947265625 0.0126953125 0.07275390625
9 0.650390625 0.09375 0.0234375 0.08203125
9 0.4765625 0.58984375 0.02685546875 0.1103515625
9 0.419921875 0.5634765625 0.03564453125 0.12255859375
9 0.3681640625 0.61328125 0.029296875 0.12158203125
9 0.25 0.2216796875 0.0234375 0.0859375
9 0.2421875 0.125 0.02001953125 0.0927734375
9 0.9638671875 0.4580078125 0.02099609375 0.091796875
9 0.9716796875 0.494140625 0.021484375 0.11767578125