4 0.908203125 0.3828125 0.150390625 0.1240234375
4 0.8544921875 0.732421875 0.177734375 0.21484375
4 0.595703125 0.451171875 0.0966796875 0.1259765625
4 0.5498046875 0.6474609375 0.1650390625 0.267578125
4 0.349609375 0.5693359375 0.162109375 0.1650390625
4 0.3017578125 0.3662109375 0.076171875 0.1357421875
4 0.36328125 0.287109375 0.0458984375 0.0751953125
4 0.5078125 0.3388671875 0.060546875 0.08984375
4 0.4609375 0.2568359375 0.056640625 0.111328125
4 0.3759765625 0.232421875 0.037109375 0.048828125
4 0.3671875 0.1572265625 0.0234375 0.0419921875
4 0.4140625 0.18359375 0.021484375 0.0400390625
4 0.376953125 0.080078125 0.025390625 0.0400390625
4 0.3955078125 0.1337890625 0.021484375 0.029296875