4 0.2138671875 0.626953125 0.1201171875 0.2099609375
4 0.203125 0.3251953125 0.064453125 0.1083984375
4 0.091796875 0.2041015625 0.048828125 0.0859375
4 0.125 0.244140625 0.0791015625 0.08203125
4 0.275390625 0.2138671875 0.05859375 0.0712890625
4 0.224609375 0.2529296875 0.1044921875 0.08203125
4 0.3154296875 0.1240234375 0.0400390625 0.0537109375
4 0.4267578125 0.2265625 0.060546875 0.0830078125
4 0.466796875 0.2080078125 0.048828125 0.06640625
4 0.50390625 0.193359375 0.048828125 0.0654296875
4 0.599609375 0.33203125 0.1572265625 0.107421875
4 0.7861328125 0.240234375 0.052734375 0.0859375
4 0.669921875 0.607421875 0.119140625 0.1767578125
4 0.8095703125 0.7080078125 0.220703125 0.25390625
4 0.6337890625 0.0966796875 0.03515625 0.0625
4 0.5341796875 0.1171875 0.044921875 0.06640625
4 0.5869140625 0.09765625 0.0322265625 0.056640625
4 0.689453125 0.103515625 0.029296875 0.0615234375
4 0.4423828125 0.080078125 0.0537109375 0.0751953125