4 0.291015625 0.4873046875 0.0791015625 0.1484375
4 0.119140625 0.2734375 0.107421875 0.0947265625
4 0.904296875 0.380859375 0.1435546875 0.1240234375
4 0.7470703125 0.62109375 0.1572265625 0.181640625
4 0.451171875 0.5166015625 0.107421875 0.1904296875
4 0.564453125 0.421875 0.091796875 0.1181640625
4 0.478515625 0.2919921875 0.07421875 0.1357421875
4 0.4326171875 0.2490234375 0.0322265625 0.05859375
4 0.4228515625 0.19921875 0.025390625 0.033203125
4 0.396484375 0.146484375 0.0205078125 0.0419921875
4 0.384765625 0.0927734375 0.0234375 0.0498046875
4 0.3642578125 0.255859375 0.0419921875 0.0537109375
4 0.2900390625 0.3232421875 0.060546875 0.1181640625
4 0.369140625 0.189453125 0.0283203125 0.048828125
4 0.3583984375 0.12109375 0.0185546875 0.029296875