4 0.06640625 0.232421875 0.1103515625 0.1328125
4 0.560546875 0.3662109375 0.10107421875 0.18212890625
4 0.8896484375 0.341796875 0.10546875 0.21826171875
4 0.6875 0.5732421875 0.1103515625 0.30078125
0 0.7802734375 0.5380859375 0.05859375 0.224609375
0 0.80859375 0.8642578125 0.08642578125 0.26416015625
0 0.904296875 0.541015625 0.0439453125 0.23828125
0 0.669921875 0.3349609375 0.03857421875 0.154296875
0 0.7275390625 0.32421875 0.041015625 0.1416015625
0 0.5517578125 0.208984375 0.025390625 0.12060546875
0 0.244140625 0.1962890625 0.03857421875 0.11474609375
0 0.671875 0.2158203125 0.02685546875 0.10791015625
3 0.5927734375 0.658203125 0.19140625 0.27685546875
0 0.42578125 0.109375 0.02734375 0.08642578125