4 0.09375 0.2138671875 0.05859375 0.095703125
4 0.3134765625 0.123046875 0.0390625 0.056640625
4 0.2734375 0.212890625 0.060546875 0.0986328125
4 0.255859375 0.4013671875 0.0927734375 0.169921875
4 0.193359375 0.23828125 0.083984375 0.0859375
4 0.1201171875 0.2509765625 0.064453125 0.08984375
4 0.3330078125 0.306640625 0.0849609375 0.130859375
4 0.3740234375 0.2138671875 0.0517578125 0.0791015625
4 0.439453125 0.0869140625 0.056640625 0.0986328125
4 0.529296875 0.115234375 0.037109375 0.05859375
4 0.4658203125 0.2080078125 0.0390625 0.0751953125
4 0.646484375 0.1416015625 0.046875 0.056640625
4 0.65625 0.263671875 0.0693359375 0.1083984375
4 0.7861328125 0.244140625 0.05078125 0.08203125
4 0.720703125 0.4345703125 0.2099609375 0.1279296875
4 0.888671875 0.494140625 0.125 0.1640625
4 0.80859375 0.689453125 0.2275390625 0.2509765625
4 0.66796875 0.6435546875 0.12109375 0.2265625