4 0.185546875 0.54296875 0.23876953125 0.31298828125
4 0.876953125 0.1884765625 0.03466796875 0.04541015625
4 0.765625 0.193359375 0.03955078125 0.04638671875
4 0.755859375 0.25390625 0.0498046875 0.0625
4 0.796875 0.171875 0.02783203125 0.04638671875
4 0.4619140625 0.416015625 0.154296875 0.09423828125
4 0.36328125 0.349609375 0.09716796875 0.08984375
4 0.2421875 0.33203125 0.17578125 0.12451171875
9 0.5908203125 0.330078125 0.02734375 0.09423828125
9 0.6318359375 0.3154296875 0.017578125 0.09521484375
9 0.7890625 0.271484375 0.0244140625 0.0859375