4 0.3349609375 0.1240234375 0.03515625 0.05322265625
4 0.224609375 0.193359375 0.05419921875 0.07080078125
4 0.1435546875 0.2451171875 0.052734375 0.06640625
4 0.1220703125 0.2080078125 0.05078125 0.087890625
4 0.021484375 0.611328125 0.04296875 0.13232421875
4 0.4658203125 0.4140625 0.14697265625 0.14453125
4 0.419921875 0.2392578125 0.06640625 0.087890625
4 0.708984375 0.345703125 0.09716796875 0.1357421875
4 0.794921875 0.240234375 0.05419921875 0.078125
4 0.689453125 0.1552734375 0.0498046875 0.0625
4 0.484375 0.8662109375 0.22998046875 0.267578125
4 0.6767578125 0.5986328125 0.10693359375 0.169921875
4 0.81640625 0.6865234375 0.2099609375 0.25927734375
4 0.5029296875 0.1806640625 0.046875 0.05859375
4 0.31640625 0.298828125 0.07421875 0.1123046875
4 0.294921875 0.21484375 0.0595703125 0.0859375
4 0.6357421875 0.1259765625 0.03515625 0.05322265625
4 0.5673828125 0.1005859375 0.037109375 0.04541015625
4 0.50390625 0.078125 0.0478515625 0.08251953125
4 0.455078125 0.0986328125 0.05126953125 0.091796875
4 0.6708984375 0.0859375 0.048828125 0.07080078125