4 0.12109375 0.2724609375 0.10888671875 0.095703125
4 0.9033203125 0.37890625 0.15771484375 0.11767578125
4 0.88671875 0.7822265625 0.20751953125 0.234375
4 0.609375 0.46875 0.10595703125 0.12841796875
4 0.53515625 0.619140625 0.1630859375 0.2265625
4 0.34375 0.5673828125 0.1630859375 0.16162109375
4 0.30078125 0.3681640625 0.0771484375 0.140625
4 0.5146484375 0.349609375 0.06640625 0.09423828125
4 0.462890625 0.26171875 0.0595703125 0.11767578125
4 0.365234375 0.28515625 0.0498046875 0.07080078125
4 0.375 0.232421875 0.0380859375 0.0576171875
4 0.380859375 0.083984375 0.0234375 0.04638671875
4 0.365234375 0.1572265625 0.0234375 0.037109375
4 0.4150390625 0.189453125 0.02880859375 0.0439453125
4 0.3984375 0.1435546875 0.0234375 0.03662109375
4 0.3583984375 0.0986328125 0.01806640625 0.029296875