4 0.091796875 0.2099609375 0.0537109375 0.087890625
4 0.125 0.2509765625 0.0712890625 0.078125
4 0.201171875 0.244140625 0.0849609375 0.0859375
4 0.2763671875 0.216796875 0.060546875 0.08984375
4 0.32421875 0.314453125 0.0859375 0.1259765625
4 0.251953125 0.4150390625 0.0908203125 0.193359375
4 0.3681640625 0.22265625 0.056640625 0.0625
4 0.3154296875 0.125 0.037109375 0.048828125
4 0.462890625 0.2080078125 0.046875 0.0751953125
4 0.6533203125 0.2607421875 0.0712890625 0.111328125
4 0.7880859375 0.2431640625 0.0537109375 0.0830078125
4 0.669921875 0.607421875 0.1455078125 0.177734375
4 0.8095703125 0.7099609375 0.212890625 0.283203125
4 0.5283203125 0.12109375 0.037109375 0.052734375
4 0.4404296875 0.0927734375 0.060546875 0.099609375
4 0.6474609375 0.138671875 0.044921875 0.0537109375
4 0.6923828125 0.0849609375 0.0419921875 0.0732421875
4 0.859375 0.470703125 0.1162109375 0.1572265625
4 0.73046875 0.4384765625 0.150390625 0.1318359375