6 0.283203125 0.4111328125 0.07421875 0.1083984375
4 0.8955078125 0.689453125 0.0556640625 0.0830078125
4 0.9736328125 0.765625 0.0439453125 0.1220703125
4 0.453125 0.4541015625 0.0556640625 0.0693359375
4 0.37109375 0.3974609375 0.048828125 0.0654296875
4 0.484375 0.345703125 0.076171875 0.1044921875
4 0.6171875 0.150390625 0.0400390625 0.0537109375
4 0.748046875 0.2421875 0.08984375 0.056640625
4 0.373046875 0.2978515625 0.03515625 0.0498046875
4 0.33203125 0.3037109375 0.0400390625 0.06640625
4 0.25 0.2734375 0.037109375 0.0615234375
4 0.2724609375 0.1484375 0.0302734375 0.05859375
4 0.232421875 0.1728515625 0.0283203125 0.044921875
4 0.2265625 0.1240234375 0.0322265625 0.0498046875
4 0.0625 0.173828125 0.025390625 0.0419921875
4 0.169921875 0.201171875 0.0283203125 0.0458984375
4 0.216796875 0.2470703125 0.0302734375 0.0537109375
4 0.1943359375 0.21875 0.025390625 0.052734375