3 0.5625 0.5439453125 0.095703125 0.2724609375
0 0.7646484375 0.7021484375 0.064453125 0.2734375
0 0.8759765625 0.4755859375 0.056640625 0.1982421875
0 0.7607421875 0.4658203125 0.048828125 0.1845703125
0 0.64453125 0.2734375 0.0419921875 0.1474609375
0 0.2265625 0.236328125 0.0400390625 0.1181640625
0 0.41796875 0.1396484375 0.0263671875 0.107421875
0 0.548828125 0.1650390625 0.033203125 0.1083984375
0 0.7080078125 0.2802734375 0.033203125 0.1337890625
9 0.8115234375 0.322265625 0.029296875 0.146484375
4 0.55859375 0.310546875 0.087890625 0.1787109375
4 0.89453125 0.337890625 0.109375 0.2109375
4 0.06640625 0.22265625 0.0927734375 0.1181640625
4 0.642578125 0.484375 0.0888671875 0.2822265625