4 0.1083984375 0.2041015625 0.041015625 0.08203125
4 0.1357421875 0.25390625 0.060546875 0.08251953125
4 0.2197265625 0.1875 0.044921875 0.08203125
4 0.2900390625 0.3115234375 0.07177734375 0.13134765625
4 0.2880859375 0.2080078125 0.056640625 0.06103515625
4 0.513671875 0.421875 0.19189453125 0.13623046875
4 0.404296875 0.2470703125 0.0625 0.099609375
4 0.4921875 0.1826171875 0.0380859375 0.05859375
4 0.4501953125 0.0947265625 0.05615234375 0.08349609375
4 0.560546875 0.1044921875 0.03515625 0.04541015625
4 0.69140625 0.31640625 0.0869140625 0.1396484375
4 0.7919921875 0.236328125 0.060546875 0.0888671875
4 0.62109375 0.9482421875 0.2412109375 0.10302734375
4 0.017578125 0.607421875 0.03466796875 0.1435546875
4 0.6796875 0.6025390625 0.11328125 0.173828125
4 0.8212890625 0.6865234375 0.19677734375 0.287109375
4 0.6767578125 0.1572265625 0.05224609375 0.05859375
4 0.6337890625 0.1142578125 0.033203125 0.044921875
4 0.6748046875 0.0830078125 0.046875 0.07275390625
4 0.330078125 0.1240234375 0.04345703125 0.05859375
4 0.498046875 0.080078125 0.04345703125 0.078125