4 0.09765625 0.767578125 0.1669921875 0.2392578125
4 0.1796875 0.630859375 0.1455078125 0.2392578125
4 0.236328125 0.548828125 0.107421875 0.2109375
4 0.84765625 0.6953125 0.1298828125 0.201171875
4 0.8349609375 0.5732421875 0.1123046875 0.1220703125
4 0.927734375 0.5419921875 0.0986328125 0.140625
4 0.96484375 0.6259765625 0.0703125 0.123046875
4 0.7978515625 0.494140625 0.107421875 0.107421875
4 0.7080078125 0.3037109375 0.140625 0.2783203125
4 0.908203125 0.4443359375 0.0966796875 0.109375
9 0.7578125 0.6669921875 0.041015625 0.2158203125
6 0.4580078125 0.4013671875 0.283203125 0.40625