6 0.798828125 0.4287109375 0.224609375 0.15234375
4 0.787109375 0.2431640625 0.0556640625 0.087890625
4 0.650390625 0.2490234375 0.068359375 0.095703125
4 0.642578125 0.1376953125 0.037109375 0.052734375
4 0.6923828125 0.08984375 0.0400390625 0.0751953125
4 0.525390625 0.1171875 0.037109375 0.05859375
4 0.458984375 0.2099609375 0.05078125 0.0693359375
4 0.36328125 0.21875 0.048828125 0.0654296875
4 0.25390625 0.4267578125 0.0927734375 0.177734375
4 0.2734375 0.212890625 0.0576171875 0.0947265625
4 0.322265625 0.326171875 0.087890625 0.1279296875
4 0.1962890625 0.23828125 0.0859375 0.08203125
4 0.123046875 0.2529296875 0.06640625 0.08203125
4 0.0908203125 0.2119140625 0.048828125 0.0830078125
4 0.318359375 0.125 0.044921875 0.052734375
4 0.451171875 0.0947265625 0.064453125 0.095703125
4 0.67578125 0.615234375 0.1142578125 0.1943359375
4 0.8095703125 0.71484375 0.2265625 0.2802734375