4 0.29296875 0.505859375 0.0849609375 0.13232421875
4 0.4599609375 0.5263671875 0.126953125 0.17724609375
4 0.7197265625 0.6005859375 0.14306640625 0.173828125
4 0.9052734375 0.38671875 0.150390625 0.13232421875
4 0.552734375 0.40234375 0.0751953125 0.1005859375
4 0.2900390625 0.326171875 0.068359375 0.1123046875
4 0.119140625 0.2724609375 0.10595703125 0.08349609375
4 0.474609375 0.2919921875 0.07373046875 0.134765625
4 0.3642578125 0.2607421875 0.04443359375 0.06494140625
4 0.376953125 0.2138671875 0.03076171875 0.04541015625
4 0.3642578125 0.1455078125 0.02099609375 0.03271484375
4 0.4208984375 0.2021484375 0.025390625 0.044921875
4 0.396484375 0.1435546875 0.01904296875 0.03662109375
4 0.384765625 0.08984375 0.0341796875 0.05419921875