4 0.0615234375 0.2275390625 0.091796875 0.0693359375
4 0.3134765625 0.345703125 0.0625 0.1083984375
4 0.390625 0.22265625 0.064453125 0.087890625
4 0.458984375 0.283203125 0.080078125 0.091796875
4 0.701171875 0.38671875 0.1181640625 0.0947265625
4 0.841796875 0.3388671875 0.099609375 0.0947265625
4 0.8896484375 0.5419921875 0.220703125 0.2919921875
9 0.701171875 0.2763671875 0.0205078125 0.087890625
9 0.7177734375 0.2822265625 0.0224609375 0.0859375
9 0.3134765625 0.201171875 0.02734375 0.0712890625
9 0.3359375 0.19140625 0.021484375 0.05859375