4 0.765625 0.189453125 0.03466796875 0.0517578125
4 0.798828125 0.169921875 0.0361328125 0.04638671875
4 0.888671875 0.130859375 0.0263671875 0.0439453125
4 0.83203125 0.236328125 0.04345703125 0.06591796875
4 0.724609375 0.2822265625 0.05126953125 0.07275390625
4 0.32421875 0.3642578125 0.1865234375 0.181640625
4 0.18359375 0.5498046875 0.23388671875 0.32568359375
4 0.16796875 0.267578125 0.0615234375 0.06591796875
9 0.66015625 0.3251953125 0.02783203125 0.091796875
9 0.60546875 0.671875 0.1103515625 0.09423828125
9 0.9033203125 0.328125 0.021484375 0.10205078125
9 0.7265625 0.3232421875 0.0244140625 0.087890625
5 0.70703125 0.4580078125 0.18017578125 0.14453125