0 0.701171875 0.4677734375 0.04638671875 0.20068359375
0 0.822265625 0.3818359375 0.03955078125 0.16943359375
0 0.71875 0.3525390625 0.0400390625 0.14697265625
0 0.67578125 0.205078125 0.0322265625 0.11767578125
0 0.62890625 0.1962890625 0.0380859375 0.12890625
0 0.1708984375 0.3291015625 0.048828125 0.15380859375
0 0.39453125 0.1953125 0.03173828125 0.1083984375
0 0.068359375 0.2841796875 0.0390625 0.15771484375
0 0.546875 0.0927734375 0.02392578125 0.09619140625
4 0.5927734375 0.3408203125 0.068359375 0.18896484375
4 0.8896484375 0.345703125 0.109375 0.23095703125
4 0.0625 0.2158203125 0.1015625 0.11962890625
4 0.5439453125 0.193359375 0.064453125 0.1220703125
0 0.5166015625 0.34765625 0.0390625 0.1572265625
9 0.5947265625 0.546875 0.029296875 0.2177734375
9 0.5712890625 0.5390625 0.029296875 0.2041015625
9 0.7919921875 0.185546875 0.02197265625 0.10205078125
9 0.75390625 0.14453125 0.0166015625 0.0927734375