4 0.59375 0.3310546875 0.162109375 0.095703125
4 0.7890625 0.2421875 0.05859375 0.08984375
4 0.62109375 0.1171875 0.0341796875 0.0537109375
4 0.67578125 0.0986328125 0.0400390625 0.0498046875
4 0.46484375 0.2275390625 0.076171875 0.0859375
4 0.677734375 0.6171875 0.138671875 0.1865234375
4 0.81640625 0.705078125 0.2177734375 0.25
4 0.212890625 0.458984375 0.0908203125 0.142578125
4 0.25 0.2978515625 0.076171875 0.095703125
4 0.27734375 0.216796875 0.052734375 0.078125
4 0.22265625 0.2392578125 0.095703125 0.0712890625
4 0.1259765625 0.2509765625 0.0625 0.0625
4 0.0986328125 0.212890625 0.064453125 0.0732421875
4 0.318359375 0.12109375 0.0439453125 0.06640625
4 0.44140625 0.0888671875 0.0517578125 0.08984375
4 0.4853515625 0.1015625 0.0390625 0.08984375
4 0.5517578125 0.0947265625 0.046875 0.06640625