4 0.1708984375 0.263671875 0.05078125 0.0654296875
9 0.8466796875 0.3212890625 0.0234375 0.107421875
9 0.783203125 0.3291015625 0.02734375 0.099609375
9 0.5302734375 0.859375 0.09765625 0.1044921875
9 0.7041015625 0.3232421875 0.037109375 0.099609375
4 0.71875 0.28515625 0.052734375 0.0712890625
4 0.873046875 0.1435546875 0.0283203125 0.048828125
4 0.818359375 0.2529296875 0.041015625 0.0693359375
4 0.3212890625 0.361328125 0.1806640625 0.169921875
4 0.1845703125 0.5458984375 0.236328125 0.31640625
4 0.7158203125 0.4384765625 0.154296875 0.1220703125
4 0.7646484375 0.189453125 0.0390625 0.056640625
4 0.798828125 0.1708984375 0.0302734375 0.044921875