4 0.4765625 0.189453125 0.0458984375 0.078125
4 0.515625 0.2421875 0.083984375 0.08984375
4 0.59375 0.3349609375 0.1572265625 0.1220703125
4 0.7890625 0.2451171875 0.0537109375 0.0830078125
4 0.623046875 0.1337890625 0.037109375 0.056640625
4 0.6650390625 0.103515625 0.037109375 0.052734375
4 0.5615234375 0.0859375 0.0419921875 0.06640625
4 0.4970703125 0.1123046875 0.0341796875 0.052734375
4 0.443359375 0.08984375 0.056640625 0.095703125
4 0.3154296875 0.12109375 0.03515625 0.056640625
4 0.673828125 0.619140625 0.1201171875 0.193359375
4 0.8095703125 0.69921875 0.2314453125 0.24609375
4 0.2216796875 0.392578125 0.0830078125 0.1259765625
4 0.216796875 0.240234375 0.0849609375 0.0732421875
4 0.287109375 0.2919921875 0.0830078125 0.091796875
4 0.279296875 0.2119140625 0.0673828125 0.06640625
4 0.0927734375 0.2138671875 0.060546875 0.0791015625
4 0.1259765625 0.2509765625 0.0791015625 0.0859375