4 0.12109375 0.275390625 0.109375 0.08984375
4 0.29296875 0.349609375 0.068359375 0.1259765625
4 0.3583984375 0.1279296875 0.0185546875 0.033203125
4 0.375 0.220703125 0.033203125 0.056640625
4 0.3642578125 0.2705078125 0.048828125 0.06640625
4 0.431640625 0.23828125 0.0322265625 0.052734375
4 0.466796875 0.2705078125 0.064453125 0.1142578125
4 0.90625 0.38671875 0.150390625 0.119140625
4 0.958984375 0.9091796875 0.08203125 0.177734375
4 0.6611328125 0.5224609375 0.123046875 0.15234375
4 0.4951171875 0.5634765625 0.1572265625 0.197265625
4 0.5302734375 0.373046875 0.0810546875 0.1044921875
4 0.3154296875 0.537109375 0.123046875 0.1474609375
4 0.416015625 0.193359375 0.0205078125 0.052734375
4 0.3828125 0.087890625 0.025390625 0.0458984375
4 0.4033203125 0.154296875 0.0322265625 0.0322265625