4 0.091796875 0.2099609375 0.0595703125 0.06884765625
4 0.12109375 0.25390625 0.0712890625 0.08251953125
4 0.23046875 0.234375 0.1015625 0.07470703125
4 0.248046875 0.3271484375 0.07080078125 0.099609375
4 0.3515625 0.265625 0.0712890625 0.08984375
4 0.314453125 0.1259765625 0.04248046875 0.0625
4 0.2763671875 0.216796875 0.056640625 0.07373046875
4 0.5908203125 0.3291015625 0.15478515625 0.099609375
4 0.7890625 0.2392578125 0.05419921875 0.07958984375
4 0.59765625 0.7939453125 0.23876953125 0.279296875
4 0.68359375 0.6044921875 0.13232421875 0.14453125
4 0.8046875 0.7060546875 0.21533203125 0.255859375
4 0.650390625 0.2705078125 0.0908203125 0.08349609375
4 0.4921875 0.185546875 0.04345703125 0.07373046875
4 0.4443359375 0.0927734375 0.05712890625 0.07275390625
4 0.517578125 0.1015625 0.03076171875 0.0458984375
4 0.583984375 0.0849609375 0.04638671875 0.06494140625
4 0.6552734375 0.10546875 0.041015625 0.0478515625
4 0.625 0.1728515625 0.05078125 0.06494140625