6 0.79296875 0.4560546875 0.2109375 0.197265625
4 0.798828125 0.798828125 0.251953125 0.310546875
4 0.654296875 0.705078125 0.1591796875 0.234375
4 0.185546875 0.455078125 0.0966796875 0.2470703125
4 0.25390625 0.322265625 0.091796875 0.1484375
4 0.625 0.220703125 0.0673828125 0.1279296875
4 0.7802734375 0.21875 0.052734375 0.099609375
4 0.408203125 0.173828125 0.046875 0.0751953125
4 0.298828125 0.1875 0.046875 0.0751953125
4 0.203125 0.1767578125 0.064453125 0.0986328125
4 0.1171875 0.2138671875 0.09375 0.095703125