4 0.02734375 0.5966796875 0.0546875 0.1318359375
4 0.3828125 0.703125 0.16015625 0.24609375
4 0.427734375 0.4033203125 0.109375 0.1279296875
4 0.7373046875 0.3876953125 0.1064453125 0.1474609375
4 0.7978515625 0.2412109375 0.05078125 0.099609375
4 0.8203125 0.66796875 0.2041015625 0.2412109375
4 0.6904296875 0.599609375 0.119140625 0.1884765625
4 0.349609375 0.263671875 0.056640625 0.1142578125
4 0.443359375 0.21484375 0.064453125 0.0859375
4 0.513671875 0.169921875 0.0400390625 0.05859375
4 0.4599609375 0.0966796875 0.0517578125 0.095703125
4 0.3037109375 0.2099609375 0.052734375 0.087890625
4 0.236328125 0.189453125 0.05078125 0.08984375
4 0.1591796875 0.236328125 0.064453125 0.0859375
4 0.58203125 0.0966796875 0.0341796875 0.0498046875
4 0.63671875 0.130859375 0.0439453125 0.0654296875
4 0.697265625 0.1630859375 0.048828125 0.0537109375
4 0.6689453125 0.0927734375 0.046875 0.08203125