4 0.083984375 0.4013671875 0.119140625 0.111328125
4 0.3671875 0.3408203125 0.126953125 0.060546875
4 0.77734375 0.0791015625 0.0419921875 0.0595703125
4 0.876953125 0.2197265625 0.0751953125 0.0859375
4 0.8701171875 0.1259765625 0.0576171875 0.060546875
4 0.955078125 0.109375 0.0439453125 0.0546875
4 0.9384765625 0.2568359375 0.072265625 0.1015625
4 0.9765625 0.4013671875 0.044921875 0.125
4 0.7685546875 0.3583984375 0.087890625 0.158203125
4 0.853515625 0.419921875 0.0986328125 0.125
4 0.869140625 0.884765625 0.166015625 0.2294921875
6 0.2919921875 0.5859375 0.2890625 0.3984375
4 0.408203125 0.837890625 0.21875 0.2861328125
4 0.65625 0.529296875 0.1201171875 0.1376953125
4 0.63671875 0.7919921875 0.259765625 0.404296875