4 0.3115234375 0.34765625 0.056640625 0.130859375
4 0.0595703125 0.2255859375 0.087890625 0.0732421875
4 0.3916015625 0.2177734375 0.064453125 0.0712890625
4 0.45703125 0.2861328125 0.083984375 0.0986328125
4 0.765625 0.380859375 0.111328125 0.0859375
4 0.908203125 0.3525390625 0.0859375 0.0751953125
4 0.83203125 0.5439453125 0.2900390625 0.2958984375
9 0.6875 0.2841796875 0.0234375 0.0986328125
9 0.7060546875 0.28515625 0.0224609375 0.087890625
9 0.3232421875 0.1953125 0.0166015625 0.06640625
9 0.341796875 0.1953125 0.015625 0.0830078125