0 0.6943359375 0.447265625 0.04541015625 0.1904296875
0 0.7119140625 0.3447265625 0.03759765625 0.16015625
0 0.1611328125 0.34375 0.048828125 0.1552734375
0 0.0791015625 0.2734375 0.037109375 0.140625
0 0.390625 0.2109375 0.02783203125 0.12158203125
0 0.67578125 0.1953125 0.03076171875 0.11767578125
0 0.6259765625 0.1826171875 0.03271484375 0.126953125
0 0.81640625 0.3662109375 0.0380859375 0.16943359375
9 0.599609375 0.5390625 0.03515625 0.22705078125
9 0.5693359375 0.5322265625 0.025390625 0.23583984375
4 0.59375 0.314453125 0.06982421875 0.1923828125
4 0.5439453125 0.1845703125 0.07177734375 0.13671875
0 0.517578125 0.3193359375 0.03857421875 0.16943359375
4 0.89453125 0.3427734375 0.11279296875 0.2265625
4 0.064453125 0.2177734375 0.1044921875 0.107421875