4 0.73046875 0.3837890625 0.1103515625 0.10791015625
4 0.8720703125 0.34765625 0.09228515625 0.0869140625
4 0.8759765625 0.5419921875 0.248046875 0.283203125
4 0.310546875 0.3408203125 0.05810546875 0.107421875
4 0.458984375 0.28125 0.0888671875 0.0927734375
4 0.3916015625 0.220703125 0.06640625 0.078125
4 0.064453125 0.232421875 0.09423828125 0.0576171875
9 0.318359375 0.2001953125 0.0263671875 0.08203125
9 0.6962890625 0.275390625 0.0234375 0.0859375
9 0.712890625 0.2822265625 0.02001953125 0.078125
9 0.3388671875 0.1953125 0.01806640625 0.06640625