0 0.337890625 0.5703125 0.0791015625 0.2060546875
0 0.185546875 0.291015625 0.0400390625 0.1064453125
4 0.1826171875 0.5 0.1337890625 0.244140625
4 0.359375 0.322265625 0.1123046875 0.1689453125
9 0.658203125 0.8544921875 0.060546875 0.2529296875
9 0.5595703125 0.7119140625 0.0498046875 0.1630859375
9 0.7373046875 0.861328125 0.0478515625 0.2578125
1 0.59765625 0.544921875 0.1787109375 0.21484375
9 0.583984375 0.8203125 0.064453125 0.2333984375
0 0.46484375 0.4140625 0.05859375 0.1416015625
9 0.7998046875 0.7958984375 0.060546875 0.2470703125