6 0.55859375 0.2666015625 0.123046875 0.125
4 0.9296875 0.2392578125 0.06640625 0.08203125
4 0.9765625 0.205078125 0.046875 0.0634765625
4 0.3017578125 0.0625 0.0419921875 0.095703125
4 0.3466796875 0.041015625 0.0517578125 0.0751953125
9 0.3701171875 0.61328125 0.033203125 0.119140625
9 0.4169921875 0.55859375 0.033203125 0.109375
9 0.4775390625 0.6064453125 0.046875 0.1162109375
9 0.251953125 0.21484375 0.0302734375 0.076171875
9 0.23828125 0.1240234375 0.0302734375 0.0888671875
9 0.875 0.3017578125 0.0390625 0.0947265625
9 0.6455078125 0.0986328125 0.0107421875 0.06640625
9 0.6533203125 0.0947265625 0.013671875 0.0732421875
9 0.9716796875 0.4716796875 0.0185546875 0.1083984375