4 0.0712890625 0.361328125 0.1357421875 0.1767578125
4 0.248046875 0.2841796875 0.1640625 0.1357421875
4 0.373046875 0.2158203125 0.150390625 0.166015625
4 0.494140625 0.201171875 0.09375 0.1015625
4 0.552734375 0.1494140625 0.107421875 0.1376953125
4 0.80859375 0.1962890625 0.0986328125 0.095703125
4 0.6650390625 0.1220703125 0.0673828125 0.0703125
4 0.794921875 0.0791015625 0.064453125 0.056640625
9 0.166015625 0.5556640625 0.091796875 0.259765625
9 0.2119140625 0.185546875 0.0361328125 0.0908203125
6 0.4384765625 0.5537109375 0.2470703125 0.392578125
6 0.607421875 0.458984375 0.2841796875 0.328125