0 0.7255859375 0.5576171875 0.060546875 0.224609375
0 0.732421875 0.3916015625 0.0439453125 0.1572265625
0 0.8447265625 0.4150390625 0.037109375 0.1650390625
0 0.6328125 0.2216796875 0.0302734375 0.1328125
0 0.689453125 0.23046875 0.025390625 0.142578125
0 0.19921875 0.2900390625 0.0419921875 0.138671875
0 0.0458984375 0.3017578125 0.037109375 0.150390625
0 0.4052734375 0.1650390625 0.025390625 0.107421875
0 0.53125 0.4208984375 0.041015625 0.1982421875
9 0.8056640625 0.318359375 0.025390625 0.16015625
9 0.79296875 0.19140625 0.021484375 0.1123046875
9 0.5810546875 0.5517578125 0.037109375 0.216796875
9 0.7568359375 0.1513671875 0.025390625 0.1015625
4 0.607421875 0.3798828125 0.0771484375 0.1982421875
4 0.8974609375 0.3408203125 0.107421875 0.208984375
4 0.544921875 0.23828125 0.0888671875 0.1435546875
4 0.06640625 0.2265625 0.1044921875 0.123046875