4 0.1796875 0.251953125 0.109375 0.109375
4 0.2294921875 0.123046875 0.091796875 0.0966796875
4 0.57421875 0.1103515625 0.1044921875 0.1513671875
4 0.927734375 0.166015625 0.0986328125 0.1328125
4 0.6845703125 0.2646484375 0.0810546875 0.154296875
4 0.146484375 0.626953125 0.0732421875 0.1357421875
4 0.0869140625 0.7666015625 0.1015625 0.109375
4 0.052734375 0.87890625 0.1044921875 0.123046875
4 0.333984375 0.9462890625 0.091796875 0.107421875
4 0.857421875 0.7373046875 0.1455078125 0.1591796875
4 0.84765625 0.322265625 0.095703125 0.1376953125
6 0.501953125 0.5205078125 0.125 0.2529296875
4 0.6083984375 0.8857421875 0.1455078125 0.1640625
4 0.724609375 0.9697265625 0.119140625 0.0576171875
9 0.5947265625 0.2431640625 0.0390625 0.0830078125