4 0.1259765625 0.2724609375 0.099609375 0.095703125
4 0.2958984375 0.2939453125 0.0693359375 0.087890625
4 0.8642578125 0.755859375 0.1962890625 0.25390625
4 0.9033203125 0.37890625 0.146484375 0.119140625
4 0.6064453125 0.474609375 0.103515625 0.1279296875
4 0.419921875 0.4541015625 0.095703125 0.1572265625
4 0.275390625 0.416015625 0.068359375 0.107421875
4 0.4990234375 0.3212890625 0.087890625 0.1611328125
4 0.4423828125 0.26171875 0.0400390625 0.06640625
4 0.3662109375 0.2431640625 0.041015625 0.0537109375
4 0.42578125 0.2060546875 0.029296875 0.048828125
4 0.4013671875 0.1552734375 0.0283203125 0.037109375
4 0.384765625 0.0947265625 0.0322265625 0.056640625
4 0.36328125 0.1357421875 0.021484375 0.033203125
4 0.37109375 0.1865234375 0.03515625 0.0498046875