0 0.67578125 0.4716796875 0.0556640625 0.1962890625
0 0.8203125 0.5029296875 0.048828125 0.2236328125
4 0.767578125 0.8623046875 0.2744140625 0.275390625
4 0.796875 0.2939453125 0.111328125 0.173828125
4 0.6142578125 0.390625 0.103515625 0.1650390625
4 0.2841796875 0.498046875 0.111328125 0.1982421875
4 0.392578125 0.2607421875 0.1044921875 0.1884765625
4 0.5146484375 0.279296875 0.05859375 0.1181640625
4 0.59375 0.2431640625 0.078125 0.1025390625
4 0.228515625 0.330078125 0.06640625 0.115234375
0 0.298828125 0.33984375 0.033203125 0.119140625
9 0.326171875 0.3974609375 0.0478515625 0.1318359375
9 0.880859375 0.2734375 0.0234375 0.1083984375
9 0.25 0.353515625 0.0341796875 0.076171875