4 0.7138671875 0.2939453125 0.091796875 0.1044921875
4 0.791015625 0.2431640625 0.05859375 0.0751953125
4 0.6650390625 0.609375 0.111328125 0.173828125
4 0.8095703125 0.697265625 0.2216796875 0.25390625
4 0.45703125 0.6357421875 0.197265625 0.2109375
4 0.4609375 0.8662109375 0.212890625 0.2509765625
4 0.3837890625 0.2490234375 0.068359375 0.08984375
4 0.3154296875 0.123046875 0.037109375 0.052734375
4 0.4970703125 0.1708984375 0.048828125 0.0654296875
4 0.6328125 0.189453125 0.048828125 0.0693359375
4 0.5830078125 0.3232421875 0.1533203125 0.107421875
4 0.275390625 0.3017578125 0.0693359375 0.095703125
4 0.2177734375 0.236328125 0.095703125 0.08984375
4 0.091796875 0.2099609375 0.0537109375 0.08203125
4 0.1171875 0.2529296875 0.0732421875 0.0859375
4 0.4453125 0.0947265625 0.056640625 0.08984375
4 0.5966796875 0.0869140625 0.0419921875 0.0693359375
4 0.650390625 0.111328125 0.0390625 0.0537109375