0 0.142578125 0.3701171875 0.0625 0.171875
0 0.681640625 0.4150390625 0.03515625 0.18505859375
0 0.70703125 0.32421875 0.0322265625 0.1640625
0 0.521484375 0.2861328125 0.03564453125 0.16015625
0 0.673828125 0.185546875 0.0361328125 0.1123046875
0 0.6240234375 0.1669921875 0.03271484375 0.12890625
4 0.5908203125 0.2939453125 0.060546875 0.181640625
4 0.06640625 0.224609375 0.1005859375 0.13232421875
4 0.890625 0.341796875 0.10595703125 0.203125
9 0.619140625 0.552734375 0.04248046875 0.21044921875
9 0.580078125 0.529296875 0.0419921875 0.2529296875
4 0.5419921875 0.1728515625 0.06787109375 0.12255859375
0 0.388671875 0.220703125 0.02783203125 0.13671875
0 0.8125 0.3466796875 0.0458984375 0.18896484375