0 0.2744140625 0.6748046875 0.0625 0.1953125
0 0.1494140625 0.53125 0.0498046875 0.1767578125
0 0.234375 0.4609375 0.05859375 0.1689453125
0 0.3095703125 0.517578125 0.05859375 0.1630859375
0 0.908203125 0.580078125 0.0830078125 0.1845703125
0 0.7099609375 0.2734375 0.0517578125 0.130859375
0 0.763671875 0.2177734375 0.0458984375 0.1357421875
0 0.8193359375 0.3125 0.0400390625 0.1435546875
0 0.9033203125 0.330078125 0.060546875 0.15234375
0 0.8232421875 0.1875 0.05859375 0.111328125
4 0.759765625 0.8369140625 0.1669921875 0.3095703125
0 0.9072265625 0.2080078125 0.0439453125 0.1005859375
4 0.119140625 0.25 0.1162109375 0.1494140625