0 0.291015625 0.4873046875 0.07861328125 0.1484375
0 0.119140625 0.2734375 0.1064453125 0.09423828125
0 0.904296875 0.380859375 0.14404296875 0.12451171875
0 0.7470703125 0.62109375 0.15771484375 0.1806640625
0 0.451171875 0.5166015625 0.1064453125 0.18994140625
0 0.564453125 0.421875 0.0908203125 0.11767578125
0 0.478515625 0.2919921875 0.07421875 0.13525390625
0 0.4326171875 0.2490234375 0.03271484375 0.05859375
0 0.4228515625 0.19921875 0.025390625 0.0322265625
0 0.396484375 0.146484375 0.02001953125 0.04248046875
0 0.384765625 0.0927734375 0.0234375 0.04931640625
0 0.3642578125 0.255859375 0.04150390625 0.05419921875
0 0.2900390625 0.3232421875 0.060546875 0.11865234375
0 0.369140625 0.189453125 0.02783203125 0.0498046875
0 0.3583984375 0.12109375 0.01806640625 0.0302734375
