0 0.1884765625 0.6591796875 0.09765625 0.21240234375
0 0.7978515625 0.8759765625 0.09375 0.23193359375
0 0.7021484375 0.525390625 0.06640625 0.1875
0 0.908203125 0.46875 0.07080078125 0.16845703125
0 0.830078125 0.2919921875 0.05126953125 0.1171875
0 0.666015625 0.177734375 0.04736328125 0.11376953125
0 0.287109375 0.55859375 0.12109375 0.33154296875
0 0.7275390625 0.287109375 0.08349609375 0.20361328125
0 0.833984375 0.1552734375 0.0673828125 0.1328125
0 0.1142578125 0.2490234375 0.11572265625 0.15478515625
