0 0.3271484375 0.4033203125 0.09912109375 0.17578125
0 0.728515625 0.4384765625 0.19873046875 0.234375
0 0.947265625 0.373046875 0.10498046875 0.2392578125
0 0.615234375 0.2724609375 0.1201171875 0.173828125
0 0.751953125 0.19921875 0.08544921875 0.11328125
0 0.478515625 0.27734375 0.09814453125 0.140625
0 0.345703125 0.3232421875 0.0908203125 0.1328125
0 0.3955078125 0.3134765625 0.03271484375 0.14208984375
0 0.2119140625 0.240234375 0.03759765625 0.06689453125
0 0.2626953125 0.2119140625 0.03271484375 0.06787109375
