0 0.544921875 0.3994140625 0.095703125 0.119140625
0 0.46484375 0.46484375 0.0576171875 0.0625
0 0.412109375 0.3388671875 0.0341796875 0.046875
0 0.3798828125 0.4111328125 0.0517578125 0.052734375
0 0.8935546875 0.6884765625 0.0625 0.076171875
0 0.974609375 0.76953125 0.0498046875 0.0732421875
0 0.26953125 0.359375 0.083984375 0.056640625
0 0.73046875 0.25 0.0888671875 0.052734375
0 0.6171875 0.1513671875 0.041015625 0.052734375
0 0.3203125 0.294921875 0.0419921875 0.0439453125
0 0.271484375 0.1533203125 0.041015625 0.0390625
0 0.2265625 0.126953125 0.0341796875 0.041015625
