0 0.2900390625 0.3369140625 0.029296875 0.126953125
0 0.66015625 0.4560546875 0.0390625 0.20166015625
0 0.7978515625 0.4765625 0.052734375 0.20654296875
0 0.982421875 0.4580078125 0.03466796875 0.18896484375
0 0.595703125 0.384765625 0.0966796875 0.1640625
0 0.7958984375 0.29296875 0.10791015625 0.17138671875
0 0.2265625 0.3271484375 0.0693359375 0.10791015625
0 0.275390625 0.4765625 0.1123046875 0.1865234375
0 0.50390625 0.27734375 0.05810546875 0.13330078125
0 0.5908203125 0.244140625 0.078125 0.0908203125
0 0.3837890625 0.26171875 0.107421875 0.203125
0 0.2060546875 0.19921875 0.09130859375 0.13671875
0 0.712890625 0.8388671875 0.24951171875 0.322265625
0 0.328125 0.3916015625 0.0302734375 0.11865234375
0 0.2666015625 0.35546875 0.033203125 0.0712890625
