0 0.0927734375 0.2099609375 0.05078125 0.07177734375
0 0.1220703125 0.244140625 0.064453125 0.08203125
0 0.2392578125 0.34375 0.07177734375 0.10888671875
0 0.2265625 0.240234375 0.0947265625 0.08203125
0 0.328125 0.2744140625 0.0625 0.091796875
0 0.3154296875 0.1240234375 0.04052734375 0.05322265625
0 0.486328125 0.1875 0.046875 0.06591796875
0 0.59375 0.3291015625 0.15673828125 0.099609375
0 0.603515625 0.244140625 0.0986328125 0.06982421875
0 0.6279296875 0.1572265625 0.044921875 0.0625
0 0.7900390625 0.240234375 0.05859375 0.0859375
0 0.71875 0.8662109375 0.28955078125 0.23046875
0 0.6796875 0.619140625 0.1396484375 0.18017578125
0 0.822265625 0.6884765625 0.1875 0.21484375
0 0.5087890625 0.107421875 0.02978515625 0.0439453125
0 0.4404296875 0.0888671875 0.05224609375 0.08984375
0 0.2763671875 0.2080078125 0.05224609375 0.07568359375
0 0.5771484375 0.0849609375 0.04443359375 0.08203125
0 0.6591796875 0.10546875 0.03369140625 0.0458984375
