0 0.359375 0.4130859375 0.0478515625 0.18115234375
0 0.8037109375 0.3974609375 0.05322265625 0.1328125
0 0.875 0.708984375 0.0791015625 0.26611328125
0 0.236328125 0.4072265625 0.0888671875 0.15087890625
0 0.5009765625 0.3154296875 0.13916015625 0.24853515625
0 0.623046875 0.349609375 0.0810546875 0.16748046875
0 0.7958984375 0.29296875 0.109375 0.1640625
0 0.4423828125 0.85546875 0.216796875 0.2890625
0 0.2119140625 0.2314453125 0.099609375 0.18115234375
0 0.4443359375 0.447265625 0.05322265625 0.07421875
0 0.880859375 0.271484375 0.02001953125 0.12060546875
0 0.6318359375 0.28515625 0.080078125 0.13671875
