0 0.12109375 0.275390625 0.109375 0.08984375
0 0.29296875 0.349609375 0.0693359375 0.12548828125
0 0.3583984375 0.1279296875 0.01806640625 0.033203125
0 0.375 0.220703125 0.0322265625 0.0576171875
0 0.3642578125 0.2705078125 0.048828125 0.06640625
0 0.431640625 0.23828125 0.03173828125 0.0537109375
0 0.466796875 0.2705078125 0.0654296875 0.11474609375
0 0.90625 0.38671875 0.1494140625 0.1181640625
0 0.958984375 0.9091796875 0.08203125 0.177734375
0 0.6611328125 0.5224609375 0.123046875 0.15234375
0 0.4951171875 0.5634765625 0.15771484375 0.197265625
0 0.5302734375 0.373046875 0.08056640625 0.10498046875
0 0.3154296875 0.537109375 0.123046875 0.14794921875
0 0.416015625 0.193359375 0.02001953125 0.0517578125
0 0.3828125 0.087890625 0.0244140625 0.04638671875
0 0.4033203125 0.154296875 0.03271484375 0.03173828125
