0 0.525390625 0.2734375 0.11279296875 0.1494140625
0 0.9306640625 0.2421875 0.06640625 0.08544921875
0 0.9765625 0.205078125 0.046875 0.0810546875
0 0.302734375 0.05859375 0.04736328125 0.07080078125
0 0.345703125 0.0341796875 0.0673828125 0.06640625
0 0.4189453125 0.5595703125 0.03271484375 0.125
0 0.3681640625 0.609375 0.037109375 0.12548828125
0 0.4775390625 0.5947265625 0.029296875 0.111328125
0 0.25 0.2177734375 0.01904296875 0.095703125
0 0.240234375 0.111328125 0.02685546875 0.06640625
0 0.6484375 0.0947265625 0.0224609375 0.07958984375
0 0.658203125 0.08984375 0.0234375 0.0859375
0 0.875 0.2880859375 0.02685546875 0.11181640625
0 0.9697265625 0.4619140625 0.02197265625 0.10546875
