0 0.06640625 0.224609375 0.0947265625 0.11376953125
0 0.5498046875 0.26171875 0.078125 0.1474609375
0 0.61328125 0.4248046875 0.0849609375 0.21630859375
0 0.8984375 0.341796875 0.10546875 0.2236328125
0 0.7412109375 0.4111328125 0.048828125 0.16015625
0 0.7412109375 0.5830078125 0.06884765625 0.265625
0 0.642578125 0.2373046875 0.03466796875 0.13671875
0 0.6953125 0.2412109375 0.0380859375 0.13525390625
0 0.849609375 0.4306640625 0.0361328125 0.181640625
0 0.548828125 0.1337890625 0.0263671875 0.10400390625
0 0.2080078125 0.271484375 0.0390625 0.1279296875
0 0.40625 0.158203125 0.02392578125 0.10205078125
0 0.033203125 0.3134765625 0.0439453125 0.189453125
0 0.806640625 0.3193359375 0.0263671875 0.154296875
0 0.7958984375 0.193359375 0.02490234375 0.10498046875
0 0.7568359375 0.1513671875 0.021484375 0.08984375
0 0.53515625 0.47265625 0.05126953125 0.23486328125
0 0.5751953125 0.552734375 0.03662109375 0.23486328125
