0 0.4306640625 0.4296875 0.21875 0.193359375
0 0.22265625 0.2998046875 0.0751953125 0.16015625
0 0.548828125 0.8447265625 0.2998046875 0.298828125
0 0.48046875 0.2822265625 0.1162109375 0.1328125
0 0.7021484375 0.646484375 0.095703125 0.25
0 0.8603515625 0.6640625 0.15625 0.2177734375
0 0.0927734375 0.2490234375 0.0517578125 0.1171875
0 0.2626953125 0.8447265625 0.1142578125 0.3017578125
0 0.7587890625 0.3896484375 0.0439453125 0.130859375
0 0.7626953125 0.5634765625 0.03515625 0.1845703125
0 0.7978515625 0.517578125 0.03125 0.1708984375
