0 0.095703125 0.2197265625 0.05859375 0.087890625
0 0.12109375 0.2490234375 0.068359375 0.0859375
0 0.2138671875 0.2451171875 0.091796875 0.0830078125
0 0.3173828125 0.255859375 0.0537109375 0.0791015625
0 0.4345703125 0.234375 0.0537109375 0.078125
0 0.2724609375 0.2060546875 0.048828125 0.08203125
0 0.3154296875 0.119140625 0.0341796875 0.0654296875
0 0.3408203125 0.4482421875 0.13671875 0.1357421875
0 0.3330078125 0.650390625 0.1357421875 0.2412109375
0 0.6796875 0.6015625 0.12109375 0.16015625
0 0.8115234375 0.703125 0.216796875 0.24609375
0 0.638671875 0.3427734375 0.1572265625 0.115234375
0 0.63671875 0.2041015625 0.048828125 0.0859375
0 0.791015625 0.2392578125 0.0576171875 0.0712890625
0 0.8125 0.3427734375 0.087890625 0.119140625
0 0.509765625 0.146484375 0.037109375 0.0625
0 0.439453125 0.087890625 0.05859375 0.095703125
0 0.6171875 0.0859375 0.0302734375 0.0791015625
0 0.646484375 0.123046875 0.048828125 0.056640625
