0 0.169921875 0.263671875 0.05517578125 0.06201171875
0 0.8857421875 0.1337890625 0.025390625 0.04052734375
0 0.3203125 0.3583984375 0.19140625 0.17724609375
0 0.18359375 0.5439453125 0.24169921875 0.32568359375
0 0.765625 0.193359375 0.03466796875 0.0498046875
0 0.798828125 0.1708984375 0.03173828125 0.052734375
0 0.83203125 0.2412109375 0.03515625 0.06640625
0 0.724609375 0.2822265625 0.05126953125 0.07275390625
0 0.8974609375 0.3310546875 0.025390625 0.095703125
0 0.5947265625 0.7099609375 0.123046875 0.0859375
0 0.6689453125 0.3251953125 0.02978515625 0.091796875
0 0.7333984375 0.3291015625 0.025390625 0.099609375
0 0.7138671875 0.443359375 0.16015625 0.1201171875
