0 0.341796875 0.5693359375 0.0791015625 0.2119140625
0 0.2236328125 0.3310546875 0.05859375 0.1279296875
0 0.46875 0.40625 0.056640625 0.1494140625
0 0.171875 0.513671875 0.1103515625 0.255859375
0 0.365234375 0.326171875 0.1142578125 0.1494140625
0 0.525390625 0.7509765625 0.0537109375 0.236328125
0 0.6259765625 0.8115234375 0.056640625 0.2421875
0 0.783203125 0.8505859375 0.0625 0.244140625
0 0.6923828125 0.8544921875 0.06640625 0.263671875
0 0.7392578125 0.7470703125 0.0498046875 0.2529296875
0 0.6259765625 0.5771484375 0.119140625 0.1494140625
