0 0.55859375 0.2666015625 0.1240234375 0.125
0 0.9296875 0.2392578125 0.06640625 0.08203125
0 0.9765625 0.205078125 0.046875 0.06298828125
0 0.3017578125 0.0625 0.04150390625 0.0947265625
0 0.3466796875 0.041015625 0.05224609375 0.07470703125
0 0.3701171875 0.61328125 0.033203125 0.1181640625
0 0.4169921875 0.55859375 0.033203125 0.109375
0 0.4775390625 0.6064453125 0.046875 0.11572265625
0 0.251953125 0.21484375 0.03076171875 0.0771484375
0 0.23828125 0.1240234375 0.03076171875 0.08837890625
0 0.875 0.3017578125 0.0390625 0.09521484375
0 0.6455078125 0.0986328125 0.01025390625 0.06640625
0 0.6533203125 0.0947265625 0.013671875 0.07275390625
0 0.9716796875 0.4716796875 0.01806640625 0.10791015625
