0 0.54296875 0.419921875 0.15966796875 0.09814453125
0 0.7236328125 0.345703125 0.03271484375 0.0908203125
0 0.2822265625 0.3525390625 0.185546875 0.16015625
0 0.1826171875 0.5498046875 0.232421875 0.32568359375
0 0.3828125 0.349609375 0.07861328125 0.0908203125
0 0.744140625 0.265625 0.05078125 0.06982421875
0 0.7646484375 0.1884765625 0.0390625 0.04541015625
0 0.798828125 0.16796875 0.03515625 0.04248046875
0 0.8642578125 0.205078125 0.03369140625 0.05419921875
0 0.912109375 0.1123046875 0.0205078125 0.03271484375
0 0.96875 0.3388671875 0.0244140625 0.119140625
0 0.603515625 0.3193359375 0.0263671875 0.0859375
0 0.6455078125 0.318359375 0.03271484375 0.0966796875
