0 0.54296875 0.419921875 0.1591796875 0.0986328125
0 0.7236328125 0.345703125 0.0322265625 0.091796875
0 0.2822265625 0.3525390625 0.185546875 0.16015625
0 0.1826171875 0.5498046875 0.232421875 0.3251953125
0 0.3828125 0.349609375 0.0791015625 0.091796875
0 0.744140625 0.265625 0.05078125 0.0693359375
0 0.7646484375 0.1884765625 0.0390625 0.0458984375
0 0.798828125 0.16796875 0.03515625 0.0419921875
0 0.8642578125 0.205078125 0.0341796875 0.0537109375
0 0.912109375 0.1123046875 0.021484375 0.0322265625
0 0.96875 0.3388671875 0.025390625 0.119140625
0 0.603515625 0.3193359375 0.025390625 0.0859375
0 0.6455078125 0.318359375 0.0322265625 0.095703125
