0 0.79296875 0.4560546875 0.2109375 0.197265625
0 0.798828125 0.798828125 0.2529296875 0.3095703125
0 0.654296875 0.705078125 0.15966796875 0.234375
0 0.185546875 0.455078125 0.09716796875 0.24658203125
0 0.25390625 0.322265625 0.0927734375 0.1484375
0 0.625 0.220703125 0.06689453125 0.12841796875
0 0.7802734375 0.21875 0.052734375 0.1005859375
0 0.408203125 0.173828125 0.046875 0.07470703125
0 0.298828125 0.1875 0.046875 0.07470703125
0 0.203125 0.1767578125 0.0634765625 0.09912109375
0 0.1171875 0.2138671875 0.09375 0.095703125
