0 0.03515625 0.5849609375 0.0703125 0.126953125
0 0.8486328125 0.4775390625 0.1474609375 0.1611328125
0 0.830078125 0.681640625 0.2109375 0.2509765625
0 0.701171875 0.583984375 0.138671875 0.1572265625
0 0.9287109375 0.341796875 0.123046875 0.16015625
0 0.802734375 0.236328125 0.048828125 0.0751953125
0 0.70703125 0.1591796875 0.03515625 0.0537109375
0 0.6396484375 0.1455078125 0.0302734375 0.0615234375
0 0.6650390625 0.1025390625 0.0419921875 0.0830078125
0 0.6083984375 0.09765625 0.0283203125 0.044921875
0 0.533203125 0.1416015625 0.0322265625 0.056640625
0 0.4130859375 0.3759765625 0.080078125 0.1357421875
0 0.3115234375 0.501953125 0.11328125 0.177734375
0 0.3154296875 0.21484375 0.060546875 0.0947265625
0 0.171875 0.236328125 0.060546875 0.08203125
0 0.4091796875 0.232421875 0.0537109375 0.091796875
0 0.4814453125 0.212890625 0.064453125 0.0732421875
0 0.482421875 0.138671875 0.044921875 0.0498046875
0 0.478515625 0.09765625 0.0537109375 0.078125
0 0.255859375 0.1865234375 0.0458984375 0.06640625
