0 0.33984375 0.5703125 0.0732421875 0.2177734375
0 0.494140625 0.4931640625 0.091796875 0.173828125
0 0.5908203125 0.521484375 0.0791015625 0.1708984375
0 0.1708984375 0.2822265625 0.0478515625 0.125
0 0.173828125 0.4658203125 0.1083984375 0.2333984375
0 0.3564453125 0.322265625 0.12109375 0.1689453125
0 0.5419921875 0.8193359375 0.0751953125 0.25
0 0.6142578125 0.8447265625 0.0517578125 0.2744140625
0 0.6982421875 0.837890625 0.060546875 0.2470703125
0 0.78515625 0.7919921875 0.0478515625 0.25
