0 0.7255859375 0.5576171875 0.060546875 0.224609375
0 0.732421875 0.3916015625 0.04345703125 0.15771484375
0 0.8447265625 0.4150390625 0.037109375 0.16552734375
0 0.6328125 0.2216796875 0.03076171875 0.1328125
0 0.689453125 0.23046875 0.0263671875 0.1416015625
0 0.19921875 0.2900390625 0.04248046875 0.138671875
0 0.0458984375 0.3017578125 0.037109375 0.150390625
0 0.4052734375 0.1650390625 0.025390625 0.107421875
0 0.53125 0.4208984375 0.0400390625 0.19775390625
0 0.8056640625 0.318359375 0.025390625 0.16015625
0 0.79296875 0.19140625 0.0224609375 0.11279296875
0 0.5810546875 0.5517578125 0.037109375 0.216796875
0 0.7568359375 0.1513671875 0.025390625 0.1015625
0 0.607421875 0.3798828125 0.07763671875 0.19775390625
0 0.8974609375 0.3408203125 0.107421875 0.208984375
0 0.544921875 0.23828125 0.08935546875 0.14404296875
0 0.06640625 0.2265625 0.10498046875 0.1240234375
