0 0.30859375 0.541015625 0.12109375 0.2685546875
0 0.2158203125 0.4130859375 0.060546875 0.1494140625
0 0.326171875 0.3271484375 0.0751953125 0.1435546875
0 0.1162109375 0.244140625 0.130859375 0.1630859375
0 0.7236328125 0.6396484375 0.119140625 0.2880859375
0 0.7119140625 0.181640625 0.0439453125 0.119140625
0 0.8125 0.419921875 0.0732421875 0.1708984375
0 0.78125 0.2197265625 0.0498046875 0.1083984375
0 0.9462890625 0.375 0.099609375 0.173828125
0 0.931640625 0.2109375 0.0849609375 0.146484375
