0 0.216796875 0.1865234375 0.0498046875 0.06640625
0 0.1298828125 0.244140625 0.05224609375 0.06982421875
0 0.1025390625 0.2080078125 0.04150390625 0.07958984375
0 0.2822265625 0.326171875 0.076171875 0.1064453125
0 0.283203125 0.220703125 0.0595703125 0.09423828125
0 0.39453125 0.2568359375 0.07421875 0.09521484375
0 0.3251953125 0.1240234375 0.0390625 0.05859375
0 0.447265625 0.0986328125 0.0517578125 0.07568359375
0 0.498046875 0.078125 0.0498046875 0.08203125
0 0.486328125 0.1875 0.04248046875 0.0537109375
0 0.40625 0.1865234375 0.04638671875 0.04931640625
0 0.5361328125 0.427734375 0.212890625 0.1357421875
0 0.685546875 0.310546875 0.0908203125 0.12548828125
0 0.791015625 0.2392578125 0.0625 0.07958984375
0 0.671875 0.15625 0.0556640625 0.0556640625
0 0.5546875 0.107421875 0.0322265625 0.05419921875
0 0.671875 0.6025390625 0.1103515625 0.173828125
0 0.8154296875 0.6982421875 0.22119140625 0.25146484375
0 0.677734375 0.0888671875 0.046875 0.078125
