0 0.095703125 0.2041015625 0.05126953125 0.10302734375
0 0.12109375 0.24609375 0.0693359375 0.078125
0 0.2451171875 0.337890625 0.072265625 0.0986328125
0 0.2265625 0.2392578125 0.09716796875 0.08349609375
0 0.279296875 0.2060546875 0.04638671875 0.078125
0 0.337890625 0.267578125 0.0751953125 0.08984375
0 0.3154296875 0.12109375 0.037109375 0.05029296875
0 0.490234375 0.18359375 0.046875 0.06982421875
0 0.791015625 0.2431640625 0.05419921875 0.07958984375
0 0.6796875 0.6044921875 0.1318359375 0.169921875
0 0.81640625 0.6826171875 0.1875 0.22900390625
0 0.65625 0.828125 0.2734375 0.2587890625
0 0.626953125 0.2568359375 0.09326171875 0.06494140625
0 0.591796875 0.33203125 0.16748046875 0.1103515625
0 0.625 0.1689453125 0.0458984375 0.06494140625
0 0.5791015625 0.0849609375 0.04052734375 0.07275390625
0 0.44140625 0.0908203125 0.046875 0.08984375
0 0.513671875 0.10546875 0.0361328125 0.03955078125
0 0.6552734375 0.1025390625 0.0390625 0.04931640625
