0 0.0654296875 0.232421875 0.109375 0.123046875
0 0.5673828125 0.4287109375 0.115234375 0.2265625
0 0.7607421875 0.6484375 0.1474609375 0.3330078125
0 0.896484375 0.34375 0.1005859375 0.2021484375
0 0.263671875 0.1630859375 0.044921875 0.1083984375
0 0.5615234375 0.2646484375 0.044921875 0.1337890625
0 0.6884765625 0.40234375 0.0419921875 0.1865234375
0 0.7421875 0.3818359375 0.037109375 0.173828125
0 0.68359375 0.2646484375 0.0400390625 0.1298828125
0 0.6572265625 0.1806640625 0.025390625 0.1220703125
0 0.603515625 0.169921875 0.029296875 0.1162109375
0 0.599609375 0.77734375 0.2705078125 0.26171875
