0 0.0419921875 0.580078125 0.083984375 0.1484375
0 0.3037109375 0.4267578125 0.08056640625 0.15234375
0 0.4150390625 0.3564453125 0.06640625 0.10791015625
0 0.9501953125 0.560546875 0.099609375 0.18359375
0 0.8515625 0.6865234375 0.19482421875 0.27099609375
0 0.701171875 0.580078125 0.14794921875 0.16796875
0 0.3310546875 0.2099609375 0.05078125 0.087890625
0 0.19140625 0.232421875 0.0537109375 0.06591796875
0 0.2666015625 0.197265625 0.04150390625 0.07080078125
0 0.443359375 0.220703125 0.05859375 0.09423828125
0 0.498046875 0.193359375 0.05419921875 0.06982421875
0 0.646484375 0.1650390625 0.03466796875 0.0625
0 0.90625 0.3544921875 0.1318359375 0.171875
0 0.8056640625 0.234375 0.048828125 0.078125
0 0.712890625 0.1591796875 0.03515625 0.0625
0 0.6650390625 0.1171875 0.04443359375 0.07861328125
0 0.548828125 0.1337890625 0.0283203125 0.044921875
0 0.505859375 0.12890625 0.03515625 0.0478515625
0 0.63671875 0.111328125 0.0380859375 0.0341796875
0 0.48046875 0.0986328125 0.04248046875 0.08349609375
