0 0.298828125 0.52734375 0.099609375 0.15234375
0 0.4697265625 0.5390625 0.13671875 0.1884765625
0 0.6962890625 0.56640625 0.15234375 0.134765625
0 0.90625 0.37890625 0.1484375 0.1220703125
0 0.29296875 0.3369140625 0.06640625 0.1240234375
0 0.12109375 0.2724609375 0.099609375 0.095703125
0 0.36328125 0.26171875 0.046875 0.05859375
0 0.4716796875 0.2841796875 0.064453125 0.140625
0 0.369140625 0.193359375 0.025390625 0.0458984375
0 0.359375 0.1298828125 0.0205078125 0.029296875
0 0.38671875 0.087890625 0.0283203125 0.0458984375
0 0.4052734375 0.1552734375 0.0205078125 0.033203125
0 0.4208984375 0.2001953125 0.0302734375 0.056640625
