0 0.12109375 0.236328125 0.1103515625 0.146484375
0 0.7451171875 0.8095703125 0.1416015625 0.3125
0 0.150390625 0.5029296875 0.060546875 0.166015625
0 0.2783203125 0.66015625 0.064453125 0.2041015625
0 0.2509765625 0.427734375 0.0517578125 0.16015625
0 0.318359375 0.5185546875 0.05859375 0.1875
0 0.890625 0.5439453125 0.0771484375 0.1708984375
0 0.712890625 0.2529296875 0.0458984375 0.1416015625
0 0.80859375 0.275390625 0.0419921875 0.146484375
0 0.8896484375 0.294921875 0.060546875 0.1572265625
0 0.751953125 0.177734375 0.0625 0.16015625
