0 0.126953125 0.2509765625 0.05859375 0.06884765625
0 0.103515625 0.2080078125 0.0498046875 0.08984375
0 0.2763671875 0.33203125 0.07275390625 0.13623046875
0 0.28125 0.2119140625 0.0615234375 0.087890625
0 0.21484375 0.18359375 0.04345703125 0.06591796875
0 0.189453125 0.2412109375 0.0732421875 0.095703125
0 0.322265625 0.12109375 0.03955078125 0.0537109375
0 0.3837890625 0.263671875 0.06884765625 0.08984375
0 0.3984375 0.19140625 0.05419921875 0.05419921875
0 0.4814453125 0.19140625 0.037109375 0.05859375
0 0.443359375 0.08984375 0.0576171875 0.1005859375
0 0.4921875 0.078125 0.04345703125 0.0859375
0 0.552734375 0.1044921875 0.03466796875 0.05322265625
0 0.6328125 0.1044921875 0.0380859375 0.07177734375
0 0.7880859375 0.2470703125 0.060546875 0.087890625
0 0.6748046875 0.2998046875 0.08349609375 0.10791015625
0 0.560546875 0.43359375 0.2294921875 0.1337890625
0 0.673828125 0.6044921875 0.125 0.169921875
0 0.810546875 0.6884765625 0.21826171875 0.24072265625
0 0.6650390625 0.15234375 0.05322265625 0.0625
0 0.6748046875 0.0888671875 0.037109375 0.07275390625
