0 0.62109375 0.3427734375 0.15673828125 0.115234375
0 0.796875 0.3134765625 0.0859375 0.119140625
0 0.7861328125 0.234375 0.060546875 0.06201171875
0 0.634765625 0.2041015625 0.0517578125 0.08203125
0 0.4248046875 0.232421875 0.046875 0.07470703125
0 0.314453125 0.26953125 0.0673828125 0.09814453125
0 0.2705078125 0.2080078125 0.052734375 0.07177734375
0 0.216796875 0.2451171875 0.0908203125 0.08349609375
0 0.0927734375 0.203125 0.048828125 0.07861328125
0 0.123046875 0.244140625 0.06640625 0.078125
0 0.3154296875 0.12109375 0.02978515625 0.0537109375
0 0.349609375 0.4697265625 0.140625 0.14697265625
0 0.357421875 0.6962890625 0.1826171875 0.267578125
0 0.671875 0.6005859375 0.1318359375 0.177734375
0 0.8125 0.7021484375 0.2255859375 0.25146484375
0 0.5068359375 0.150390625 0.041015625 0.06201171875
0 0.4404296875 0.0927734375 0.056640625 0.08984375
0 0.6435546875 0.115234375 0.037109375 0.05859375
0 0.4921875 0.080078125 0.05419921875 0.078125
