0 0.822265625 0.423828125 0.17626953125 0.14794921875
0 0.2607421875 0.4462890625 0.09521484375 0.18603515625
0 0.6513671875 0.2412109375 0.06640625 0.091796875
0 0.7890625 0.2421875 0.05078125 0.09814453125
0 0.6708984375 0.609375 0.125 0.1787109375
0 0.8115234375 0.69921875 0.205078125 0.2802734375
0 0.318359375 0.33984375 0.08984375 0.12548828125
0 0.455078125 0.2119140625 0.05126953125 0.06640625
0 0.359375 0.22265625 0.05126953125 0.0625
0 0.31640625 0.1240234375 0.0380859375 0.05859375
0 0.271484375 0.2119140625 0.0654296875 0.08349609375
0 0.205078125 0.23828125 0.0888671875 0.0859375
0 0.095703125 0.2080078125 0.05810546875 0.0859375
0 0.1220703125 0.2529296875 0.080078125 0.0859375
0 0.4462890625 0.0947265625 0.05712890625 0.07958984375
0 0.521484375 0.1240234375 0.03466796875 0.05859375
0 0.6416015625 0.12890625 0.046875 0.06201171875
