0 0.0595703125 0.2275390625 0.08984375 0.0732421875
0 0.3134765625 0.34765625 0.0556640625 0.119140625
0 0.78515625 0.376953125 0.1142578125 0.087890625
0 0.8203125 0.5400390625 0.3310546875 0.287109375
0 0.919921875 0.3544921875 0.0908203125 0.0751953125
0 0.458984375 0.287109375 0.0791015625 0.0830078125
0 0.3935546875 0.2255859375 0.0625 0.078125
0 0.32421875 0.2021484375 0.0224609375 0.0693359375
0 0.681640625 0.27734375 0.0224609375 0.107421875
0 0.7041015625 0.2744140625 0.025390625 0.091796875
0 0.345703125 0.193359375 0.015625 0.0693359375
