0 0.353515625 0.6806640625 0.1611328125 0.26806640625
0 0.7373046875 0.4462890625 0.126953125 0.18115234375
0 0.794921875 0.2841796875 0.10546875 0.142578125
0 0.5703125 0.310546875 0.05859375 0.14794921875
0 0.61328125 0.2734375 0.08154296875 0.1162109375
0 0.4384765625 0.294921875 0.130859375 0.2470703125
0 0.21484375 0.2109375 0.0947265625 0.14892578125
0 0.2421875 0.376953125 0.06982421875 0.1376953125
0 0.7783203125 0.5791015625 0.064453125 0.23193359375
0 0.3369140625 0.3876953125 0.041015625 0.15087890625
0 0.517578125 0.29296875 0.03173828125 0.140625
0 0.884765625 0.2783203125 0.03173828125 0.11474609375
