0 0.75390625 0.1494140625 0.02001953125 0.08447265625
0 0.587890625 0.548828125 0.03466796875 0.22314453125
0 0.8037109375 0.306640625 0.02197265625 0.15185546875
0 0.1875 0.306640625 0.03955078125 0.1455078125
0 0.05859375 0.2958984375 0.0400390625 0.140625
0 0.3984375 0.1826171875 0.03515625 0.11181640625
0 0.5224609375 0.380859375 0.04833984375 0.18701171875
0 0.7109375 0.5029296875 0.05029296875 0.212890625
0 0.7255859375 0.3701171875 0.04150390625 0.15771484375
0 0.837890625 0.3876953125 0.03076171875 0.20556640625
0 0.8916015625 0.34375 0.103515625 0.2265625
0 0.541015625 0.2177734375 0.0810546875 0.142578125
0 0.59765625 0.3525390625 0.07470703125 0.181640625
0 0.064453125 0.220703125 0.10498046875 0.10546875
0 0.6826171875 0.21484375 0.03662109375 0.12158203125
0 0.630859375 0.1953125 0.0361328125 0.1552734375
0 0.5439453125 0.0966796875 0.03271484375 0.091796875
