0 0.3115234375 0.34765625 0.056640625 0.1318359375
0 0.0595703125 0.2255859375 0.087890625 0.07275390625
0 0.3916015625 0.2177734375 0.064453125 0.07177734375
0 0.45703125 0.2861328125 0.0849609375 0.09912109375
0 0.765625 0.380859375 0.1103515625 0.0859375
0 0.908203125 0.3525390625 0.0859375 0.07568359375
0 0.83203125 0.5439453125 0.28955078125 0.29541015625
0 0.6875 0.2841796875 0.0234375 0.09912109375
0 0.7060546875 0.28515625 0.02197265625 0.0869140625
0 0.3232421875 0.1953125 0.01708984375 0.06640625
0 0.341796875 0.1953125 0.015625 0.08251953125
