0 0.14453125 0.2529296875 0.05078125 0.06884765625
0 0.109375 0.6162109375 0.21875 0.361328125
0 0.205078125 0.3427734375 0.0908203125 0.107421875
0 0.4638671875 0.8271484375 0.30224609375 0.32568359375
0 0.572265625 0.4130859375 0.15673828125 0.18896484375
0 0.421875 0.263671875 0.2431640625 0.28076171875
0 0.8173828125 0.12109375 0.04052734375 0.07373046875
0 0.947265625 0.1484375 0.0361328125 0.05859375
0 0.8994140625 0.12890625 0.03369140625 0.06201171875
0 0.857421875 0.083984375 0.0283203125 0.05419921875
0 0.984375 0.09765625 0.02294921875 0.0458984375
