0 0.478515625 0.6025390625 0.0419921875 0.12109375
0 0.423828125 0.5634765625 0.0341796875 0.125
0 0.369140625 0.6279296875 0.0390625 0.12255859375
0 0.251953125 0.21484375 0.0263671875 0.07470703125
0 0.2421875 0.146484375 0.0166015625 0.06201171875
0 0.875 0.3076171875 0.01904296875 0.08984375
0 0.646484375 0.09375 0.01611328125 0.06591796875
0 0.654296875 0.09375 0.0185546875 0.07373046875
0 0.9677734375 0.4541015625 0.021484375 0.1015625
0 0.9326171875 0.232421875 0.06884765625 0.09765625
0 0.9755859375 0.2021484375 0.04541015625 0.08447265625
0 0.662109375 0.1455078125 0.08544921875 0.07177734375
0 0.294921875 0.0537109375 0.05029296875 0.08203125
0 0.3447265625 0.0380859375 0.06640625 0.076171875
