0 0.1220703125 0.2421875 0.130859375 0.1572265625
0 0.2861328125 0.7421875 0.0849609375 0.1767578125
0 0.263671875 0.5703125 0.06640625 0.1953125
0 0.3740234375 0.62109375 0.099609375 0.1904296875
0 0.7314453125 0.603515625 0.0517578125 0.193359375
0 0.76953125 0.4140625 0.0517578125 0.1689453125
0 0.8935546875 0.5126953125 0.0537109375 0.1796875
0 0.7978515625 0.1796875 0.0400390625 0.1083984375
0 0.59375 0.1376953125 0.0458984375 0.1083984375
0 0.9560546875 0.427734375 0.064453125 0.1435546875
