0 0.140625 0.2529296875 0.0478515625 0.06103515625
0 0.5458984375 0.419921875 0.171875 0.1689453125
0 0.314453125 0.455078125 0.1923828125 0.28515625
0 0.19140625 0.3349609375 0.08544921875 0.111328125
0 0.8212890625 0.115234375 0.046875 0.05859375
0 0.490234375 0.2197265625 0.22265625 0.20947265625
0 0.93359375 0.162109375 0.03955078125 0.06982421875
0 0.88671875 0.1337890625 0.05126953125 0.06103515625
0 0.8642578125 0.0830078125 0.025390625 0.044921875
0 0.974609375 0.1044921875 0.02294921875 0.04541015625
