0 0.1259765625 0.2724609375 0.099609375 0.095703125
0 0.2958984375 0.2939453125 0.06884765625 0.087890625
0 0.8642578125 0.755859375 0.19677734375 0.25390625
0 0.9033203125 0.37890625 0.146484375 0.1181640625
0 0.6064453125 0.474609375 0.103515625 0.12841796875
0 0.419921875 0.4541015625 0.0966796875 0.15771484375
0 0.275390625 0.416015625 0.0673828125 0.1064453125
0 0.4990234375 0.3212890625 0.087890625 0.16162109375
0 0.4423828125 0.26171875 0.04052734375 0.06640625
0 0.3662109375 0.2431640625 0.041015625 0.05322265625
0 0.42578125 0.2060546875 0.0302734375 0.048828125
0 0.4013671875 0.1552734375 0.02880859375 0.037109375
0 0.384765625 0.0947265625 0.03173828125 0.056640625
0 0.36328125 0.1357421875 0.0224609375 0.033203125
0 0.37109375 0.1865234375 0.03515625 0.04931640625
