0 0.9384765625 0.880859375 0.123046875 0.2373046875
0 0.9033203125 0.3857421875 0.1484375 0.1220703125
0 0.1171875 0.271484375 0.115234375 0.08984375
0 0.296875 0.3564453125 0.07421875 0.138671875
0 0.326171875 0.5517578125 0.1435546875 0.16015625
0 0.5068359375 0.5830078125 0.154296875 0.205078125
0 0.64453125 0.5107421875 0.123046875 0.140625
0 0.5234375 0.3642578125 0.07421875 0.1044921875
0 0.4658203125 0.26953125 0.06640625 0.119140625
0 0.3642578125 0.27734375 0.0439453125 0.0693359375
0 0.3837890625 0.0888671875 0.0234375 0.044921875
0 0.416015625 0.19140625 0.025390625 0.0400390625
0 0.376953125 0.2265625 0.0341796875 0.0537109375
0 0.3671875 0.150390625 0.0205078125 0.037109375
0 0.4013671875 0.154296875 0.0283203125 0.0322265625
