0 0.6767578125 0.609375 0.1435546875 0.177734375
0 0.8134765625 0.689453125 0.2158203125 0.2431640625
0 0.5927734375 0.328125 0.1689453125 0.115234375
0 0.4833984375 0.232421875 0.08984375 0.08984375
0 0.787109375 0.240234375 0.0576171875 0.08984375
0 0.6220703125 0.1259765625 0.037109375 0.05859375
0 0.66796875 0.0986328125 0.033203125 0.0419921875
0 0.5556640625 0.0947265625 0.044921875 0.06640625
0 0.4912109375 0.107421875 0.0341796875 0.0615234375
0 0.443359375 0.0888671875 0.056640625 0.0986328125
0 0.212890625 0.419921875 0.0810546875 0.1259765625
0 0.26953125 0.2958984375 0.07421875 0.087890625
0 0.314453125 0.1259765625 0.0390625 0.0458984375
0 0.0908203125 0.2080078125 0.0458984375 0.0830078125
0 0.1171875 0.2470703125 0.064453125 0.0625
0 0.2275390625 0.23828125 0.087890625 0.0654296875
0 0.28125 0.2080078125 0.05859375 0.0732421875
