0 0.9345703125 0.3662109375 0.033203125 0.08349609375
0 0.8671875 0.2822265625 0.01904296875 0.078125
0 0.8310546875 0.2822265625 0.021484375 0.07666015625
0 0.806640625 0.26953125 0.0185546875 0.0791015625
0 0.7666015625 0.5830078125 0.04443359375 0.18603515625
0 0.765625 0.4248046875 0.09423828125 0.13916015625
0 0.67578125 0.3330078125 0.09423828125 0.109375
0 0.89453125 0.3798828125 0.03564453125 0.06787109375
0 0.5576171875 0.26171875 0.01708984375 0.0869140625
0 0.455078125 0.3203125 0.01513671875 0.10888671875
