0 0.3154296875 0.349609375 0.05859375 0.11767578125
0 0.4833984375 0.419921875 0.14208984375 0.11376953125
0 0.060546875 0.228515625 0.0859375 0.06640625
0 0.05078125 0.169921875 0.08251953125 0.05859375
0 0.390625 0.2177734375 0.06982421875 0.087890625
0 0.9775390625 0.501953125 0.044921875 0.2109375
0 0.6123046875 0.3291015625 0.126953125 0.08349609375
0 0.4580078125 0.2822265625 0.076171875 0.09521484375
0 0.74609375 0.2763671875 0.0380859375 0.08349609375
0 0.298828125 0.2119140625 0.0263671875 0.07568359375
0 0.3212890625 0.1962890625 0.01806640625 0.078125
