0 0.734375 0.4111328125 0.23828125 0.27734375
0 0.771484375 0.7607421875 0.37939453125 0.458984375
0 0.927734375 0.26953125 0.14013671875 0.17626953125
0 0.9658203125 0.16015625 0.068359375 0.1162109375
0 0.892578125 0.1416015625 0.078125 0.11181640625
0 0.23046875 0.2939453125 0.05078125 0.091796875
0 0.279296875 0.240234375 0.0439453125 0.07080078125
0 0.544921875 0.4697265625 0.13330078125 0.099609375
0 0.58984375 0.2001953125 0.03076171875 0.1015625
0 0.720703125 0.232421875 0.03955078125 0.07861328125
0 0.6513671875 0.234375 0.037109375 0.0791015625
0 0.7958984375 0.3173828125 0.060546875 0.11962890625
