0 0.1162109375 0.271484375 0.11474609375 0.09814453125
0 0.3046875 0.37890625 0.06982421875 0.15185546875
0 0.3662109375 0.2880859375 0.041015625 0.07275390625
0 0.9033203125 0.3837890625 0.13671875 0.10791015625
0 0.794921875 0.66796875 0.15576171875 0.19091796875
0 0.57421875 0.673828125 0.1884765625 0.23779296875
0 0.361328125 0.5712890625 0.15576171875 0.15234375
0 0.576171875 0.419921875 0.09423828125 0.1123046875
0 0.5048828125 0.3232421875 0.056640625 0.078125
0 0.4580078125 0.2529296875 0.05078125 0.10302734375
0 0.369140625 0.1611328125 0.0185546875 0.025390625
0 0.38671875 0.10546875 0.01611328125 0.03564453125
0 0.40234375 0.1611328125 0.02294921875 0.033203125
0 0.3583984375 0.1005859375 0.01806640625 0.033203125
0 0.373046875 0.234375 0.0361328125 0.0556640625
