0 0.3525390625 0.548828125 0.099609375 0.1435546875
0 0.1240234375 0.3681640625 0.0654296875 0.0888671875
0 0.35546875 0.2099609375 0.0810546875 0.0498046875
0 0.123046875 0.240234375 0.072265625 0.0498046875
0 0.650390625 0.1953125 0.0966796875 0.046875
0 0.8271484375 0.2412109375 0.078125 0.0595703125
0 0.9052734375 0.201171875 0.072265625 0.0517578125
0 0.6826171875 0.673828125 0.1923828125 0.142578125
0 0.677734375 0.564453125 0.1669921875 0.103515625
0 0.6640625 0.5009765625 0.173828125 0.078125
0 0.6513671875 0.44140625 0.1533203125 0.0703125
0 0.6396484375 0.3955078125 0.1376953125 0.0595703125
0 0.669921875 0.3544921875 0.1328125 0.0751953125
0 0.7353515625 0.341796875 0.091796875 0.0830078125
0 0.767578125 0.3173828125 0.0888671875 0.080078125
