0 0.5234375 0.2294921875 0.056640625 0.107421875
0 0.6787109375 0.2255859375 0.091796875 0.0859375
0 0.9326171875 0.2353515625 0.068359375 0.0732421875
0 0.9794921875 0.208984375 0.041015625 0.078125
0 0.298828125 0.0537109375 0.052734375 0.0849609375
0 0.345703125 0.033203125 0.0595703125 0.06640625
0 0.25 0.2216796875 0.0263671875 0.0830078125
0 0.236328125 0.1259765625 0.029296875 0.1025390625
0 0.4169921875 0.5634765625 0.0302734375 0.1416015625
0 0.4755859375 0.607421875 0.0361328125 0.1484375
0 0.369140625 0.6142578125 0.029296875 0.1259765625
0 0.8720703125 0.3017578125 0.017578125 0.0849609375
0 0.6435546875 0.095703125 0.017578125 0.0615234375
0 0.658203125 0.0947265625 0.017578125 0.068359375
0 0.9697265625 0.4677734375 0.021484375 0.1123046875
