0 0.673828125 0.7021484375 0.07421875 0.2509765625
0 0.740234375 0.7138671875 0.052734375 0.244140625
0 0.5302734375 0.53515625 0.076171875 0.2451171875
0 0.53515625 0.373046875 0.052734375 0.1953125
0 0.515625 0.27734375 0.048828125 0.1474609375
0 0.7177734375 0.3984375 0.2177734375 0.42578125
0 0.3955078125 0.271484375 0.1826171875 0.3037109375
0 0.4228515625 0.5029296875 0.13671875 0.19140625
0 0.4775390625 0.7060546875 0.197265625 0.265625
0 0.9580078125 0.427734375 0.083984375 0.240234375
0 0.564453125 0.208984375 0.0615234375 0.1533203125
