0 0.0908203125 0.21484375 0.044921875 0.078125
0 0.12109375 0.2509765625 0.07861328125 0.06884765625
0 0.22265625 0.37890625 0.07861328125 0.12548828125
0 0.2265625 0.2451171875 0.0947265625 0.08349609375
0 0.296875 0.2841796875 0.07421875 0.0859375
0 0.31640625 0.1259765625 0.0380859375 0.04931640625
0 0.4775390625 0.1884765625 0.05615234375 0.07568359375
0 0.7880859375 0.2470703125 0.05859375 0.08349609375
0 0.6767578125 0.61328125 0.14697265625 0.1806640625
0 0.80859375 0.6962890625 0.2275390625 0.23974609375
0 0.53515625 0.2490234375 0.09326171875 0.08349609375
0 0.59375 0.3310546875 0.1552734375 0.091796875
0 0.4462890625 0.0888671875 0.060546875 0.08203125
0 0.62109375 0.1416015625 0.0400390625 0.07275390625
0 0.662109375 0.09765625 0.03466796875 0.0537109375
0 0.56640625 0.0966796875 0.046875 0.05322265625
