0 0.4208984375 0.8857421875 0.30078125 0.22802734375
0 0.583984375 0.3837890625 0.1357421875 0.123046875
0 0.92578125 0.2412109375 0.0302734375 0.06005859375
0 0.72265625 0.849609375 0.0947265625 0.26220703125
0 0.76953125 0.3916015625 0.0302734375 0.11865234375
0 0.751953125 0.3671875 0.0205078125 0.10205078125
0 0.7412109375 0.3359375 0.01806640625 0.10546875
0 0.876953125 0.271484375 0.01904296875 0.078125
0 0.9296875 0.310546875 0.0166015625 0.07763671875
0 0.7998046875 0.2353515625 0.017578125 0.06494140625
0 0.837890625 0.4013671875 0.03076171875 0.1015625
0 0.455078125 0.3193359375 0.0205078125 0.109375
