0 0.337890625 0.6533203125 0.14404296875 0.19775390625
0 0.556640625 0.2080078125 0.09033203125 0.05712890625
0 0.681640625 0.669921875 0.203125 0.15966796875
0 0.673828125 0.564453125 0.1826171875 0.0986328125
0 0.6640625 0.4951171875 0.17626953125 0.08056640625
0 0.6494140625 0.4365234375 0.173828125 0.056640625
0 0.6279296875 0.3916015625 0.1640625 0.06005859375
0 0.68359375 0.3564453125 0.0947265625 0.078125
0 0.728515625 0.3359375 0.1015625 0.0947265625
0 0.7685546875 0.318359375 0.07568359375 0.0859375
0 0.830078125 0.302734375 0.06689453125 0.0888671875
0 0.8681640625 0.2939453125 0.06005859375 0.07568359375
