0 0.908203125 0.3828125 0.1513671875 0.12451171875
0 0.8544921875 0.732421875 0.177734375 0.21484375
0 0.595703125 0.451171875 0.09716796875 0.12548828125
0 0.5498046875 0.6474609375 0.16552734375 0.267578125
0 0.349609375 0.5693359375 0.1611328125 0.16552734375
0 0.3017578125 0.3662109375 0.076171875 0.13525390625
0 0.36328125 0.287109375 0.04638671875 0.07470703125
0 0.5078125 0.3388671875 0.0615234375 0.08984375
0 0.4609375 0.2568359375 0.0556640625 0.111328125
0 0.3759765625 0.232421875 0.037109375 0.0498046875
0 0.3671875 0.1572265625 0.0234375 0.04150390625
0 0.4140625 0.18359375 0.0224609375 0.03955078125
0 0.376953125 0.080078125 0.0263671875 0.03955078125
0 0.3955078125 0.1337890625 0.021484375 0.029296875
