0 0.4755859375 0.5947265625 0.029296875 0.1025390625
0 0.421875 0.5615234375 0.029296875 0.111328125
0 0.3681640625 0.6142578125 0.0341796875 0.1279296875
0 0.25 0.2138671875 0.025390625 0.08203125
0 0.244140625 0.1279296875 0.0185546875 0.06640625
0 0.6455078125 0.0927734375 0.0146484375 0.080078125
0 0.6552734375 0.0947265625 0.021484375 0.0986328125
0 0.87109375 0.302734375 0.0263671875 0.09765625
0 0.962890625 0.458984375 0.0224609375 0.0791015625
0 0.9873046875 0.4892578125 0.0166015625 0.1015625
0 0.9287109375 0.2412109375 0.0693359375 0.0859375
0 0.890625 0.119140625 0.068359375 0.0693359375
0 0.9755859375 0.2099609375 0.0478515625 0.0830078125
0 0.302734375 0.05859375 0.037109375 0.0751953125
0 0.349609375 0.0419921875 0.0615234375 0.0830078125
