0 0.455078125 0.31640625 0.17626953125 0.18017578125
0 0.423828125 0.5673828125 0.0205078125 0.111328125
0 0.4697265625 0.61328125 0.033203125 0.12158203125
0 0.369140625 0.611328125 0.0263671875 0.10498046875
0 0.2421875 0.1044921875 0.01904296875 0.0859375
0 0.251953125 0.2216796875 0.01953125 0.091796875
0 0.64453125 0.09765625 0.015625 0.05908203125
0 0.658203125 0.0927734375 0.02001953125 0.080078125
0 0.8720703125 0.2900390625 0.02099609375 0.10302734375
0 0.9677734375 0.4638671875 0.01953125 0.10400390625
0 0.9375 0.2353515625 0.06591796875 0.07958984375
0 0.9775390625 0.2080078125 0.0390625 0.06884765625
0 0.30078125 0.0517578125 0.04248046875 0.07568359375
0 0.3466796875 0.037109375 0.048828125 0.07421875
