0 0.095703125 0.2099609375 0.052734375 0.08203125
0 0.12109375 0.2470703125 0.0712890625 0.0791015625
0 0.224609375 0.236328125 0.091796875 0.0830078125
0 0.263671875 0.310546875 0.072265625 0.1044921875
0 0.375 0.259765625 0.072265625 0.0791015625
0 0.2783203125 0.2099609375 0.046875 0.087890625
0 0.31640625 0.123046875 0.037109375 0.0400390625
0 0.49609375 0.171875 0.0419921875 0.0712890625
0 0.44140625 0.0947265625 0.0517578125 0.099609375
0 0.595703125 0.0859375 0.0390625 0.06640625
0 0.65234375 0.1044921875 0.0400390625 0.0625
0 0.7880859375 0.2431640625 0.05859375 0.0830078125
0 0.6279296875 0.1748046875 0.044921875 0.0732421875
0 0.5908203125 0.3251953125 0.1474609375 0.1044921875
0 0.6923828125 0.27734375 0.080078125 0.0986328125
0 0.669921875 0.615234375 0.11328125 0.181640625
0 0.8037109375 0.6982421875 0.224609375 0.2431640625
0 0.509765625 0.701171875 0.21484375 0.25390625
0 0.4970703125 0.91015625 0.236328125 0.171875
0 0.521484375 0.1015625 0.0341796875 0.0400390625
