0 0.30859375 0.541015625 0.12109375 0.26904296875
0 0.2158203125 0.4130859375 0.060546875 0.14990234375
0 0.326171875 0.3271484375 0.07470703125 0.14306640625
0 0.1162109375 0.244140625 0.130859375 0.16357421875
0 0.7236328125 0.6396484375 0.119140625 0.28759765625
0 0.7119140625 0.181640625 0.04443359375 0.1201171875
0 0.8125 0.419921875 0.07373046875 0.17138671875
0 0.78125 0.2197265625 0.05029296875 0.10791015625
0 0.9462890625 0.375 0.099609375 0.1728515625
0 0.931640625 0.2109375 0.08544921875 0.1474609375
