0 0.1171875 0.2744140625 0.1025390625 0.091796875
0 0.9033203125 0.3837890625 0.1484375 0.11865234375
0 0.7451171875 0.6025390625 0.140625 0.177734375
0 0.607421875 0.732421875 0.19189453125 0.28515625
0 0.361328125 0.5712890625 0.16455078125 0.16162109375
0 0.310546875 0.38671875 0.0751953125 0.16064453125
0 0.5546875 0.4013671875 0.0869140625 0.107421875
0 0.4970703125 0.314453125 0.05712890625 0.07470703125
0 0.455078125 0.244140625 0.05419921875 0.09423828125
0 0.369140625 0.296875 0.0498046875 0.078125
0 0.376953125 0.2412109375 0.0439453125 0.05859375
0 0.37109375 0.1669921875 0.0234375 0.02734375
0 0.361328125 0.107421875 0.01904296875 0.0341796875
0 0.3984375 0.15625 0.0234375 0.03564453125
0 0.3603515625 0.1357421875 0.025390625 0.033203125
0 0.37890625 0.07421875 0.0244140625 0.0458984375
