0 0.3720703125 0.3515625 0.09521484375 0.09423828125
0 0.2587890625 0.3349609375 0.17822265625 0.12744140625
0 0.1826171875 0.5478515625 0.23974609375 0.32568359375
0 0.494140625 0.419921875 0.1591796875 0.0966796875
0 0.765625 0.189453125 0.03955078125 0.0498046875
0 0.7998046875 0.1748046875 0.033203125 0.04052734375
0 0.91796875 0.109375 0.0234375 0.0302734375
0 0.87109375 0.193359375 0.03515625 0.0498046875
0 0.748046875 0.2587890625 0.03955078125 0.07275390625
0 0.765625 0.2939453125 0.02734375 0.08349609375
0 0.9853515625 0.3466796875 0.029296875 0.107421875
0 0.5966796875 0.330078125 0.02099609375 0.10205078125
0 0.634765625 0.31640625 0.0234375 0.0869140625
