0 0.384765625 0.4990234375 0.1435546875 0.23193359375
0 0.5234375 0.298828125 0.12841796875 0.1669921875
0 0.7001953125 0.3193359375 0.158203125 0.22119140625
0 0.90625 0.6494140625 0.1875 0.43212890625
0 0.7783203125 0.205078125 0.10009765625 0.1298828125
0 0.6064453125 0.201171875 0.03271484375 0.09765625
0 0.5546875 0.19921875 0.02783203125 0.08251953125
0 0.515625 0.173828125 0.02001953125 0.0751953125
0 0.9599609375 0.1669921875 0.07421875 0.130859375
0 0.892578125 0.1572265625 0.0732421875 0.10546875
0 0.404296875 0.365234375 0.11669921875 0.21484375
0 0.0634765625 0.400390625 0.06103515625 0.15283203125
0 0.21484375 0.2578125 0.04296875 0.08203125
