0 0.0712890625 0.357421875 0.13525390625 0.171875
0 0.2587890625 0.279296875 0.14306640625 0.1376953125
0 0.810546875 0.1904296875 0.1015625 0.08056640625
0 0.6220703125 0.1318359375 0.0703125 0.0703125
0 0.697265625 0.126953125 0.0546875 0.06689453125
0 0.798828125 0.0830078125 0.0654296875 0.052734375
0 0.5341796875 0.1416015625 0.169921875 0.169921875
0 0.4951171875 0.201171875 0.091796875 0.1015625
0 0.380859375 0.20703125 0.14404296875 0.14501953125
0 0.166015625 0.5625 0.09716796875 0.265625
0 0.2109375 0.1826171875 0.03466796875 0.09130859375
0 0.3154296875 0.111328125 0.029296875 0.08154296875
0 0.087890625 0.1826171875 0.0341796875 0.11962890625
0 0.4248046875 0.5556640625 0.251953125 0.40869140625
0 0.59375 0.447265625 0.296875 0.30810546875
