0 0.677734375 0.1455078125 0.0908203125 0.0634765625
0 0.296875 0.044921875 0.037109375 0.072265625
0 0.349609375 0.037109375 0.06640625 0.07421875
0 0.9296875 0.2353515625 0.0712890625 0.08984375
0 0.9765625 0.21484375 0.046875 0.072265625
0 0.873046875 0.294921875 0.0224609375 0.087890625
0 0.96484375 0.4599609375 0.029296875 0.08984375
0 0.478515625 0.611328125 0.0244140625 0.1044921875
0 0.423828125 0.5654296875 0.0224609375 0.0830078125
0 0.3662109375 0.6181640625 0.0322265625 0.1015625
0 0.2470703125 0.1474609375 0.01953125 0.0634765625
0 0.2509765625 0.216796875 0.02734375 0.076171875
0 0.6435546875 0.0908203125 0.0234375 0.0712890625
0 0.654296875 0.095703125 0.01953125 0.0693359375
