0 0.716796875 0.4482421875 0.162109375 0.119140625
0 0.830078125 0.2431640625 0.0419921875 0.05859375
0 0.3251953125 0.3623046875 0.1875 0.1767578125
0 0.18359375 0.546875 0.240234375 0.318359375
0 0.1708984375 0.265625 0.05078125 0.0615234375
0 0.767578125 0.1953125 0.0341796875 0.0498046875
0 0.798828125 0.1708984375 0.0302734375 0.048828125
0 0.884765625 0.1337890625 0.025390625 0.037109375
0 0.71875 0.2802734375 0.048828125 0.078125
0 0.5830078125 0.736328125 0.1357421875 0.0751953125
0 0.88671875 0.3271484375 0.0185546875 0.1083984375
0 0.671875 0.3251953125 0.0283203125 0.091796875
0 0.73828125 0.3212890625 0.0234375 0.095703125
