0 0.38671875 0.2021484375 0.0576171875 0.0654296875
0 0.4765625 0.197265625 0.048828125 0.06640625
0 0.3642578125 0.279296875 0.0693359375 0.1181640625
0 0.27734375 0.212890625 0.06640625 0.0859375
0 0.2646484375 0.3544921875 0.0859375 0.134765625
0 0.1259765625 0.2431640625 0.0576171875 0.0791015625
0 0.0927734375 0.2080078125 0.0439453125 0.08984375
0 0.6259765625 0.43359375 0.19921875 0.134765625
0 0.666015625 0.28125 0.0791015625 0.1142578125
0 0.7900390625 0.24609375 0.05078125 0.0859375
0 0.65625 0.146484375 0.0517578125 0.0498046875
0 0.6865234375 0.0849609375 0.0517578125 0.0693359375
0 0.54296875 0.107421875 0.037109375 0.056640625
0 0.4384765625 0.09765625 0.0556640625 0.08984375
0 0.318359375 0.126953125 0.0419921875 0.048828125
0 0.1904296875 0.23828125 0.0712890625 0.08203125
0 0.66796875 0.6171875 0.109375 0.1865234375
0 0.818359375 0.7021484375 0.1962890625 0.2763671875
