0 0.140625 0.2529296875 0.048828125 0.0615234375
0 0.5458984375 0.419921875 0.171875 0.169921875
0 0.314453125 0.455078125 0.193359375 0.28515625
0 0.19140625 0.3349609375 0.0849609375 0.111328125
0 0.8212890625 0.115234375 0.046875 0.05859375
0 0.490234375 0.2197265625 0.22265625 0.2099609375
0 0.93359375 0.162109375 0.0400390625 0.0693359375
0 0.88671875 0.1337890625 0.0517578125 0.0615234375
0 0.8642578125 0.0830078125 0.025390625 0.044921875
0 0.974609375 0.1044921875 0.0224609375 0.0458984375
