0 0.091796875 0.2099609375 0.05419921875 0.087890625
0 0.125 0.2509765625 0.07080078125 0.078125
0 0.201171875 0.244140625 0.08544921875 0.0859375
0 0.2763671875 0.216796875 0.060546875 0.08984375
0 0.32421875 0.314453125 0.0859375 0.12548828125
0 0.251953125 0.4150390625 0.09033203125 0.193359375
0 0.3681640625 0.22265625 0.056640625 0.0625
0 0.3154296875 0.125 0.037109375 0.0478515625
0 0.462890625 0.2080078125 0.046875 0.07568359375
0 0.6533203125 0.2607421875 0.07177734375 0.111328125
0 0.7880859375 0.2431640625 0.05322265625 0.08349609375
0 0.669921875 0.607421875 0.14501953125 0.1767578125
0 0.8095703125 0.7099609375 0.212890625 0.283203125
0 0.5283203125 0.12109375 0.037109375 0.0537109375
0 0.4404296875 0.0927734375 0.060546875 0.099609375
0 0.6474609375 0.138671875 0.044921875 0.05419921875
0 0.6923828125 0.0849609375 0.04150390625 0.07275390625
0 0.859375 0.470703125 0.11669921875 0.15673828125
0 0.73046875 0.4384765625 0.1494140625 0.13134765625
