0 0.169921875 0.263671875 0.0458984375 0.0625
0 0.298828125 0.3544921875 0.18359375 0.16796875
0 0.38671875 0.3515625 0.0712890625 0.1025390625
0 0.583984375 0.41796875 0.1552734375 0.1025390625
0 0.1845703125 0.5439453125 0.228515625 0.31640625
0 0.8583984375 0.2119140625 0.037109375 0.0498046875
0 0.7666015625 0.193359375 0.033203125 0.0498046875
0 0.73828125 0.2724609375 0.0517578125 0.0712890625
0 0.798828125 0.1748046875 0.0341796875 0.044921875
0 0.9072265625 0.1162109375 0.025390625 0.0400390625
0 0.958984375 0.337890625 0.025390625 0.1181640625
0 0.611328125 0.3232421875 0.025390625 0.087890625
0 0.658203125 0.318359375 0.025390625 0.095703125
0 0.685546875 0.384765625 0.0341796875 0.119140625
