0 0.3603515625 0.44921875 0.09130859375 0.1005859375
0 0.560546875 0.376953125 0.05126953125 0.0654296875
0 0.5126953125 0.40234375 0.05224609375 0.0400390625
0 0.4306640625 0.439453125 0.05712890625 0.05810546875
0 0.2548828125 0.6591796875 0.09912109375 0.1328125
0 0.150390625 0.830078125 0.09814453125 0.18408203125
0 0.4150390625 0.7412109375 0.13037109375 0.150390625
0 0.5703125 0.630859375 0.15966796875 0.1611328125
0 0.4384765625 0.8916015625 0.173828125 0.216796875
0 0.861328125 0.595703125 0.0341796875 0.0888671875
0 0.8671875 0.705078125 0.04248046875 0.07373046875
0 0.4423828125 0.615234375 0.048828125 0.09033203125
