0 0.2578125 0.3583984375 0.0830078125 0.16796875
0 0.0966796875 0.21484375 0.0517578125 0.078125
0 0.125 0.24609375 0.0625 0.08984375
0 0.193359375 0.2412109375 0.0712890625 0.095703125
0 0.2783203125 0.2177734375 0.0576171875 0.087890625
0 0.353515625 0.2900390625 0.076171875 0.140625
0 0.3837890625 0.2021484375 0.041015625 0.056640625
0 0.470703125 0.2001953125 0.046875 0.0654296875
0 0.6640625 0.2763671875 0.0810546875 0.1142578125
0 0.7880859375 0.2421875 0.056640625 0.0859375
0 0.9560546875 0.6015625 0.087890625 0.203125
0 0.650390625 0.431640625 0.201171875 0.134765625
0 0.669921875 0.6142578125 0.1318359375 0.16796875
0 0.8095703125 0.7021484375 0.212890625 0.2470703125
0 0.537109375 0.109375 0.0390625 0.05859375
0 0.4375 0.0947265625 0.0537109375 0.0859375
0 0.3154296875 0.12109375 0.0439453125 0.0625
0 0.681640625 0.080078125 0.048828125 0.0859375
0 0.65625 0.146484375 0.046875 0.06640625
