0 0.4130859375 0.74609375 0.203125 0.2666015625
0 0.0244140625 0.5947265625 0.048828125 0.134765625
0 0.294921875 0.2119140625 0.05126953125 0.08349609375
0 0.23046875 0.18359375 0.0537109375 0.09423828125
0 0.15625 0.2421875 0.0634765625 0.08203125
0 0.7265625 0.3642578125 0.1005859375 0.1484375
0 0.798828125 0.2412109375 0.05419921875 0.08349609375
0 0.6923828125 0.1572265625 0.044921875 0.05859375
0 0.6865234375 0.5888671875 0.111328125 0.18505859375
0 0.8203125 0.669921875 0.19921875 0.24169921875
0 0.4365234375 0.400390625 0.13037109375 0.12548828125
0 0.337890625 0.2822265625 0.07373046875 0.107421875
0 0.4375 0.22265625 0.0634765625 0.08251953125
0 0.33984375 0.12109375 0.03955078125 0.04638671875
0 0.509765625 0.16796875 0.0361328125 0.07080078125
0 0.4599609375 0.0947265625 0.05224609375 0.08349609375
0 0.578125 0.0966796875 0.03076171875 0.05322265625
0 0.673828125 0.0927734375 0.05419921875 0.07568359375
