0 0.169921875 0.2587890625 0.046875 0.056640625
0 0.3017578125 0.357421875 0.18359375 0.16064453125
0 0.384765625 0.3427734375 0.0673828125 0.07275390625
0 0.18359375 0.5390625 0.24169921875 0.30126953125
0 0.7333984375 0.2705078125 0.05224609375 0.06640625
0 0.7666015625 0.19140625 0.037109375 0.0458984375
0 0.798828125 0.1669921875 0.0263671875 0.044921875
0 0.85546875 0.2099609375 0.03173828125 0.052734375
0 0.90625 0.1171875 0.01904296875 0.0380859375
0 0.9521484375 0.3330078125 0.02099609375 0.091796875
0 0.6171875 0.3173828125 0.0244140625 0.08203125
0 0.6650390625 0.3134765625 0.02734375 0.10302734375
0 0.607421875 0.4140625 0.16455078125 0.1181640625
