0 0.2958984375 0.2060546875 0.05859375 0.09521484375
0 0.453125 0.4091796875 0.14111328125 0.134765625
0 0.4521484375 0.8154296875 0.22021484375 0.27587890625
0 0.673828125 0.587890625 0.10888671875 0.19091796875
0 0.822265625 0.68359375 0.2109375 0.2568359375
0 0.716796875 0.349609375 0.09326171875 0.1435546875
0 0.796875 0.2412109375 0.05419921875 0.10400390625
0 0.693359375 0.15625 0.0498046875 0.0556640625
0 0.63671875 0.1240234375 0.03466796875 0.05859375
0 0.578125 0.1044921875 0.0380859375 0.05859375
0 0.5078125 0.173828125 0.0380859375 0.05419921875
0 0.4296875 0.23046875 0.06982421875 0.0869140625
0 0.3251953125 0.283203125 0.083984375 0.12548828125
0 0.1513671875 0.2431640625 0.076171875 0.091796875
0 0.025390625 0.607421875 0.05029296875 0.12841796875
0 0.4580078125 0.099609375 0.056640625 0.078125
0 0.228515625 0.193359375 0.046875 0.0859375
0 0.12109375 0.2080078125 0.0400390625 0.091796875
0 0.33984375 0.126953125 0.03466796875 0.0517578125
