0 0.470703125 0.8818359375 0.2314453125 0.23583984375
0 0.880859375 0.5830078125 0.16455078125 0.27734375
0 0.796875 0.296875 0.10205078125 0.16455078125
0 0.236328125 0.4111328125 0.08984375 0.154296875
0 0.51953125 0.3193359375 0.140625 0.2578125
0 0.6376953125 0.3505859375 0.07177734375 0.16552734375
0 0.2158203125 0.23828125 0.09912109375 0.18310546875
0 0.365234375 0.419921875 0.0546875 0.1767578125
0 0.8818359375 0.2685546875 0.025390625 0.126953125
0 0.908203125 0.7412109375 0.0859375 0.3046875
0 0.833984375 0.40625 0.05029296875 0.1396484375
