0 0.115234375 0.2763671875 0.109375 0.1044921875
0 0.2705078125 0.3681640625 0.0625 0.0859375
0 0.9033203125 0.38671875 0.1474609375 0.119140625
0 0.9267578125 0.8828125 0.146484375 0.234375
0 0.66015625 0.5302734375 0.1181640625 0.1552734375
0 0.4091796875 0.421875 0.0947265625 0.1357421875
0 0.5087890625 0.3330078125 0.1015625 0.16796875
0 0.4453125 0.2734375 0.0458984375 0.0654296875
0 0.42578125 0.2080078125 0.037109375 0.0537109375
0 0.36328125 0.234375 0.037109375 0.048828125
0 0.306640625 0.2802734375 0.056640625 0.08984375
0 0.4033203125 0.162109375 0.0205078125 0.0400390625
0 0.359375 0.1123046875 0.0234375 0.0322265625
0 0.3642578125 0.162109375 0.02734375 0.0361328125
