0 0.279296875 0.404296875 0.0732421875 0.1044921875
0 0.896484375 0.6884765625 0.0625 0.1015625
0 0.974609375 0.7626953125 0.0498046875 0.099609375
0 0.498046875 0.3603515625 0.0732421875 0.107421875
0 0.455078125 0.45703125 0.0546875 0.076171875
0 0.373046875 0.4033203125 0.0595703125 0.056640625
0 0.61328125 0.1494140625 0.044921875 0.056640625
0 0.2265625 0.125 0.0390625 0.0498046875
0 0.169921875 0.201171875 0.037109375 0.044921875
0 0.3837890625 0.310546875 0.0390625 0.0576171875
0 0.326171875 0.2998046875 0.0517578125 0.0517578125
0 0.248046875 0.2734375 0.0390625 0.056640625
0 0.21875 0.2470703125 0.0498046875 0.041015625
0 0.06640625 0.177734375 0.033203125 0.041015625
0 0.744140625 0.24609375 0.0859375 0.0732421875
