0 0.1171875 0.2744140625 0.103515625 0.091796875
0 0.9033203125 0.3837890625 0.1484375 0.1181640625
0 0.7451171875 0.6025390625 0.140625 0.177734375
0 0.607421875 0.732421875 0.1923828125 0.28515625
0 0.361328125 0.5712890625 0.1650390625 0.1611328125
0 0.310546875 0.38671875 0.076171875 0.1611328125
0 0.5546875 0.4013671875 0.087890625 0.107421875
0 0.4970703125 0.314453125 0.0576171875 0.0751953125
0 0.455078125 0.244140625 0.0537109375 0.0947265625
0 0.369140625 0.296875 0.048828125 0.078125
0 0.376953125 0.2412109375 0.044921875 0.05859375
0 0.37109375 0.1669921875 0.0234375 0.02734375
0 0.361328125 0.107421875 0.0185546875 0.033203125
0 0.3984375 0.15625 0.0234375 0.0361328125
0 0.3603515625 0.1357421875 0.025390625 0.033203125
0 0.37890625 0.07421875 0.025390625 0.044921875
