0 0.3017578125 0.212890625 0.02880859375 0.0859375
0 0.32421875 0.193359375 0.0166015625 0.07080078125
0 0.73828125 0.279296875 0.03955078125 0.08251953125
0 0.96484375 0.5087890625 0.06982421875 0.224609375
0 0.65625 0.3330078125 0.1103515625 0.07958984375
0 0.515625 0.421875 0.14404296875 0.1337890625
0 0.3115234375 0.349609375 0.046875 0.12451171875
0 0.0654296875 0.236328125 0.091796875 0.06591796875
0 0.392578125 0.220703125 0.06640625 0.0859375
0 0.45703125 0.28515625 0.078125 0.1005859375
