0 0.6337890625 0.7333984375 0.212890625 0.29443359375
0 0.7919921875 0.29296875 0.10693359375 0.1552734375
0 0.5703125 0.373046875 0.0927734375 0.16748046875
0 0.2578125 0.4306640625 0.09814453125 0.13916015625
0 0.2177734375 0.3046875 0.05859375 0.10107421875
0 0.205078125 0.177734375 0.0830078125 0.1455078125
0 0.3720703125 0.24609375 0.1015625 0.21826171875
0 0.48828125 0.2587890625 0.05029296875 0.125
0 0.583984375 0.2373046875 0.08154296875 0.10546875
0 0.958984375 0.4443359375 0.0595703125 0.20166015625
0 0.755859375 0.44140625 0.05517578125 0.18310546875
0 0.63671875 0.4306640625 0.05419921875 0.18603515625
0 0.337890625 0.3857421875 0.0419921875 0.12255859375
0 0.275390625 0.3134765625 0.02392578125 0.107421875
0 0.8828125 0.27734375 0.0244140625 0.13232421875
0 0.2998046875 0.3740234375 0.041015625 0.10791015625
