0 0.5234375 0.2294921875 0.0556640625 0.107421875
0 0.6787109375 0.2255859375 0.091796875 0.0859375
0 0.9326171875 0.2353515625 0.068359375 0.07275390625
0 0.9794921875 0.208984375 0.041015625 0.078125
0 0.298828125 0.0537109375 0.0517578125 0.08447265625
0 0.345703125 0.033203125 0.05908203125 0.06640625
0 0.25 0.2216796875 0.02685546875 0.08349609375
0 0.236328125 0.1259765625 0.0283203125 0.10302734375
0 0.4169921875 0.5634765625 0.02978515625 0.14208984375
0 0.4755859375 0.607421875 0.03662109375 0.1484375
0 0.369140625 0.6142578125 0.0283203125 0.12646484375
0 0.8720703125 0.3017578125 0.017578125 0.08447265625
0 0.6435546875 0.095703125 0.017578125 0.06201171875
0 0.658203125 0.0947265625 0.0185546875 0.068359375
0 0.9697265625 0.4677734375 0.021484375 0.11181640625
