0 0.2958984375 0.2060546875 0.05859375 0.0947265625
0 0.453125 0.4091796875 0.1416015625 0.134765625
0 0.4521484375 0.8154296875 0.2197265625 0.2763671875
0 0.673828125 0.587890625 0.1083984375 0.1904296875
0 0.822265625 0.68359375 0.2109375 0.255859375
0 0.716796875 0.349609375 0.0927734375 0.142578125
0 0.796875 0.2412109375 0.0537109375 0.1044921875
0 0.693359375 0.15625 0.048828125 0.056640625
0 0.63671875 0.1240234375 0.0341796875 0.05859375
0 0.578125 0.1044921875 0.037109375 0.05859375
0 0.5078125 0.173828125 0.037109375 0.0537109375
0 0.4296875 0.23046875 0.0693359375 0.087890625
0 0.3251953125 0.283203125 0.083984375 0.1259765625
0 0.1513671875 0.2431640625 0.076171875 0.091796875
0 0.025390625 0.607421875 0.0498046875 0.1279296875
0 0.4580078125 0.099609375 0.056640625 0.078125
0 0.228515625 0.193359375 0.046875 0.0859375
0 0.12109375 0.2080078125 0.041015625 0.091796875
0 0.33984375 0.126953125 0.0341796875 0.052734375
