0 0.115234375 0.2744140625 0.10888671875 0.091796875
0 0.361328125 0.140625 0.0205078125 0.0380859375
0 0.904296875 0.384765625 0.15234375 0.1123046875
0 0.71875 0.5654296875 0.1318359375 0.16552734375
0 0.626953125 0.7724609375 0.19580078125 0.29541015625
0 0.3603515625 0.578125 0.154296875 0.15576171875
0 0.314453125 0.3994140625 0.0810546875 0.15234375
0 0.5419921875 0.3876953125 0.08056640625 0.099609375
0 0.4931640625 0.306640625 0.05322265625 0.078125
0 0.3681640625 0.3046875 0.048828125 0.08203125
0 0.453125 0.2412109375 0.0478515625 0.091796875
0 0.37109375 0.24609375 0.04248046875 0.06201171875
0 0.3779296875 0.078125 0.021484375 0.04638671875
0 0.3984375 0.1552734375 0.0224609375 0.037109375
0 0.3701171875 0.1748046875 0.02197265625 0.048828125
