0 0.708984375 0.4501953125 0.185546875 0.140625
0 0.1708984375 0.26171875 0.0556640625 0.06640625
0 0.890625 0.126953125 0.029296875 0.0400390625
0 0.8369140625 0.234375 0.0390625 0.056640625
0 0.7265625 0.27734375 0.0537109375 0.0693359375
0 0.322265625 0.3583984375 0.1923828125 0.1806640625
0 0.18359375 0.548828125 0.2412109375 0.322265625
0 0.619140625 0.619140625 0.0849609375 0.1259765625
0 0.91015625 0.33203125 0.0341796875 0.08984375
0 0.658203125 0.3232421875 0.025390625 0.08984375
0 0.7177734375 0.3232421875 0.037109375 0.0947265625
0 0.7685546875 0.19140625 0.0390625 0.044921875
0 0.798828125 0.169921875 0.0302734375 0.0498046875
