0 0.216796875 0.2451171875 0.0927734375 0.0830078125
0 0.09375 0.2080078125 0.0556640625 0.0751953125
0 0.1220703125 0.2548828125 0.080078125 0.0732421875
0 0.287109375 0.28515625 0.0673828125 0.087890625
0 0.3154296875 0.123046875 0.0400390625 0.056640625
0 0.2783203125 0.2099609375 0.05859375 0.0615234375
0 0.40625 0.2421875 0.0712890625 0.078125
0 0.44140625 0.09765625 0.0556640625 0.08984375
0 0.591796875 0.3251953125 0.16015625 0.1083984375
0 0.751953125 0.3037109375 0.0908203125 0.099609375
0 0.7900390625 0.2431640625 0.0517578125 0.0712890625
0 0.6328125 0.1953125 0.060546875 0.0830078125
0 0.5029296875 0.162109375 0.0419921875 0.0615234375
0 0.6025390625 0.0927734375 0.0322265625 0.05859375
0 0.650390625 0.1123046875 0.037109375 0.044921875
0 0.4033203125 0.5537109375 0.169921875 0.181640625
0 0.421875 0.81640625 0.1943359375 0.3212890625
0 0.6669921875 0.611328125 0.130859375 0.177734375
0 0.806640625 0.7021484375 0.216796875 0.263671875
