0 0.650390625 0.53515625 0.05859375 0.0927734375
0 0.6416015625 0.330078125 0.03515625 0.08203125
0 0.6748046875 0.42578125 0.189453125 0.12548828125
0 0.166015625 0.26171875 0.05419921875 0.06640625
0 0.697265625 0.318359375 0.0263671875 0.0966796875
0 0.9267578125 0.3349609375 0.033203125 0.107421875
0 0.89453125 0.1240234375 0.02294921875 0.04150390625
0 0.796875 0.1728515625 0.0302734375 0.044921875
0 0.7666015625 0.193359375 0.04150390625 0.0517578125
0 0.84375 0.2255859375 0.04345703125 0.06494140625
0 0.73046875 0.279296875 0.05419921875 0.08251953125
0 0.3212890625 0.3603515625 0.189453125 0.17724609375
0 0.1845703125 0.544921875 0.234375 0.30517578125
0 0.3935546875 0.3408203125 0.0625 0.078125
