0 0.3720703125 0.3515625 0.0947265625 0.0947265625
0 0.2587890625 0.3349609375 0.1787109375 0.1279296875
0 0.1826171875 0.5478515625 0.2392578125 0.3251953125
0 0.494140625 0.419921875 0.158203125 0.095703125
0 0.765625 0.189453125 0.0400390625 0.048828125
0 0.7998046875 0.1748046875 0.033203125 0.0400390625
0 0.91796875 0.109375 0.0234375 0.029296875
0 0.87109375 0.193359375 0.03515625 0.048828125
0 0.748046875 0.2587890625 0.0400390625 0.0732421875
0 0.765625 0.2939453125 0.02734375 0.0830078125
0 0.9853515625 0.3466796875 0.029296875 0.107421875
0 0.5966796875 0.330078125 0.0205078125 0.1025390625
0 0.634765625 0.31640625 0.0234375 0.087890625
