0 0.6044921875 0.16015625 0.091796875 0.0732421875
0 0.931640625 0.240234375 0.05859375 0.0830078125
0 0.9755859375 0.205078125 0.0419921875 0.08203125
0 0.9765625 0.0947265625 0.041015625 0.056640625
0 0.2998046875 0.0517578125 0.044921875 0.08984375
0 0.3466796875 0.0380859375 0.0673828125 0.076171875
0 0.478515625 0.5869140625 0.0302734375 0.1015625
0 0.421875 0.55859375 0.0400390625 0.111328125
0 0.365234375 0.6240234375 0.037109375 0.1142578125
0 0.2509765625 0.2177734375 0.015625 0.068359375
0 0.244140625 0.1376953125 0.0224609375 0.0751953125
0 0.87109375 0.30078125 0.0263671875 0.107421875
0 0.6474609375 0.1025390625 0.0205078125 0.0712890625
0 0.658203125 0.103515625 0.025390625 0.0751953125
0 0.96875 0.458984375 0.02734375 0.0947265625
