0 0.14453125 0.2529296875 0.05078125 0.0693359375
0 0.109375 0.6162109375 0.21875 0.361328125
0 0.205078125 0.3427734375 0.091796875 0.107421875
0 0.4638671875 0.8271484375 0.3017578125 0.3251953125
0 0.572265625 0.4130859375 0.1572265625 0.1884765625
0 0.421875 0.263671875 0.244140625 0.2802734375
0 0.8173828125 0.12109375 0.0400390625 0.0732421875
0 0.947265625 0.1484375 0.037109375 0.05859375
0 0.8994140625 0.12890625 0.0341796875 0.0615234375
0 0.857421875 0.083984375 0.029296875 0.0537109375
0 0.984375 0.09765625 0.0224609375 0.044921875
