0 0.5625 0.5439453125 0.0947265625 0.27197265625
0 0.7646484375 0.7021484375 0.064453125 0.2734375
0 0.8759765625 0.4755859375 0.056640625 0.19775390625
0 0.7607421875 0.4658203125 0.048828125 0.18505859375
0 0.64453125 0.2734375 0.04248046875 0.14794921875
0 0.2265625 0.236328125 0.03955078125 0.11767578125
0 0.41796875 0.1396484375 0.02685546875 0.107421875
0 0.548828125 0.1650390625 0.0341796875 0.10791015625
0 0.7080078125 0.2802734375 0.033203125 0.13427734375
0 0.8115234375 0.322265625 0.029296875 0.1455078125
0 0.55859375 0.310546875 0.0869140625 0.17919921875
0 0.89453125 0.337890625 0.109375 0.2109375
0 0.06640625 0.22265625 0.09326171875 0.11767578125
0 0.642578125 0.484375 0.08935546875 0.28173828125
