0 0.7802734375 0.3193359375 0.087890625 0.107421875
0 0.783203125 0.2255859375 0.05419921875 0.06494140625
0 0.607421875 0.3349609375 0.16845703125 0.095703125
0 0.63671875 0.1962890625 0.0478515625 0.078125
0 0.64453125 0.11328125 0.0380859375 0.0625
0 0.6083984375 0.083984375 0.0390625 0.0625
0 0.5048828125 0.15234375 0.037109375 0.06640625
0 0.419921875 0.236328125 0.0576171875 0.07470703125
0 0.365234375 0.505859375 0.14404296875 0.16796875
0 0.3828125 0.71484375 0.17138671875 0.3359375
0 0.6708984375 0.611328125 0.109375 0.19091796875
0 0.806640625 0.69921875 0.22705078125 0.25
0 0.306640625 0.2763671875 0.0654296875 0.087890625
0 0.2724609375 0.201171875 0.05322265625 0.08251953125
0 0.44140625 0.0947265625 0.0478515625 0.0859375
0 0.095703125 0.216796875 0.05810546875 0.0859375
0 0.123046875 0.2509765625 0.08154296875 0.08203125
0 0.2158203125 0.2431640625 0.1015625 0.08349609375
0 0.31640625 0.119140625 0.03515625 0.06640625
0 0.48828125 0.0869140625 0.05126953125 0.0859375
