0 0.0927734375 0.3095703125 0.0615234375 0.1982421875
0 0.7890625 0.439453125 0.0732421875 0.216796875
0 0.43359375 0.31640625 0.044921875 0.15234375
0 0.2080078125 0.083984375 0.033203125 0.1513671875
0 0.302734375 0.3818359375 0.2890625 0.220703125
0 0.7177734375 0.12109375 0.119140625 0.1494140625
0 0.9482421875 0.134765625 0.076171875 0.1318359375
0 0.4970703125 0.23046875 0.109375 0.1630859375
0 0.73828125 0.2470703125 0.0625 0.1806640625
0 0.912109375 0.40234375 0.1162109375 0.1962890625
0 0.955078125 0.69921875 0.0615234375 0.3125
