0 0.423828125 0.552734375 0.17919921875 0.2841796875
0 0.421875 0.3935546875 0.15234375 0.19140625
0 0.544921875 0.3115234375 0.13671875 0.17822265625
0 0.740234375 0.3427734375 0.18017578125 0.23681640625
0 0.7958984375 0.2119140625 0.10009765625 0.11865234375
0 0.9638671875 0.1572265625 0.072265625 0.138671875
0 0.8916015625 0.154296875 0.08056640625 0.12890625
0 0.072265625 0.390625 0.0595703125 0.1396484375
0 0.2177734375 0.2607421875 0.04443359375 0.076171875
0 0.619140625 0.2021484375 0.03076171875 0.09228515625
0 0.56640625 0.2080078125 0.03076171875 0.083984375
0 0.5205078125 0.1767578125 0.025390625 0.08837890625
