0 0.361328125 0.46875 0.1279296875 0.2001953125
0 0.5068359375 0.2998046875 0.1123046875 0.154296875
0 0.6689453125 0.2998046875 0.1455078125 0.208984375
0 0.771484375 0.2041015625 0.095703125 0.1181640625
0 0.8720703125 0.568359375 0.255859375 0.37109375
0 0.3955078125 0.3544921875 0.1259765625 0.19140625
0 0.595703125 0.19921875 0.029296875 0.0986328125
0 0.55078125 0.2021484375 0.0302734375 0.08203125
0 0.962890625 0.1591796875 0.0654296875 0.123046875
0 0.8916015625 0.154296875 0.080078125 0.11328125
0 0.05859375 0.4150390625 0.0732421875 0.1357421875
0 0.2138671875 0.2470703125 0.0400390625 0.0595703125
