0 0.283203125 0.4111328125 0.07421875 0.10791015625
0 0.8955078125 0.689453125 0.05615234375 0.08251953125
0 0.9736328125 0.765625 0.04443359375 0.12158203125
0 0.453125 0.4541015625 0.05517578125 0.06884765625
0 0.37109375 0.3974609375 0.0478515625 0.06494140625
0 0.484375 0.345703125 0.0771484375 0.10498046875
0 0.6171875 0.150390625 0.03955078125 0.05419921875
0 0.748046875 0.2421875 0.08984375 0.0556640625
0 0.373046875 0.2978515625 0.03515625 0.04931640625
0 0.33203125 0.3037109375 0.03955078125 0.06640625
0 0.25 0.2734375 0.0380859375 0.06201171875
0 0.2724609375 0.1484375 0.02978515625 0.05859375
0 0.232421875 0.1728515625 0.02783203125 0.044921875
0 0.2265625 0.1240234375 0.03173828125 0.04931640625
0 0.0625 0.173828125 0.0244140625 0.04248046875
0 0.169921875 0.201171875 0.02783203125 0.04638671875
0 0.216796875 0.2470703125 0.03076171875 0.05322265625
0 0.1943359375 0.21875 0.025390625 0.0537109375
