0 0.3837890625 0.533203125 0.1640625 0.177734375
0 0.3984375 0.7763671875 0.1767578125 0.3125
0 0.66796875 0.607421875 0.123046875 0.169921875
0 0.8095703125 0.7001953125 0.22265625 0.2470703125
0 0.59375 0.330078125 0.162109375 0.1025390625
0 0.7919921875 0.236328125 0.060546875 0.08203125
0 0.767578125 0.314453125 0.09765625 0.1083984375
0 0.6337890625 0.197265625 0.048828125 0.0791015625
0 0.50390625 0.1552734375 0.0390625 0.06640625
0 0.4140625 0.240234375 0.060546875 0.078125
0 0.296875 0.28125 0.064453125 0.0830078125
0 0.2119140625 0.2451171875 0.1025390625 0.087890625
0 0.095703125 0.2080078125 0.060546875 0.078125
0 0.123046875 0.2509765625 0.076171875 0.08203125
0 0.318359375 0.12109375 0.0341796875 0.0458984375
0 0.27734375 0.205078125 0.05859375 0.06640625
0 0.443359375 0.0947265625 0.0576171875 0.087890625
0 0.6044921875 0.0888671875 0.037109375 0.0654296875
0 0.6484375 0.1123046875 0.0419921875 0.052734375
