0 0.18359375 0.5458984375 0.2353515625 0.32177734375
0 0.873046875 0.19140625 0.0283203125 0.0556640625
0 0.767578125 0.193359375 0.0419921875 0.05029296875
0 0.7509765625 0.2548828125 0.04541015625 0.06494140625
0 0.4736328125 0.419921875 0.15771484375 0.10888671875
0 0.3662109375 0.3447265625 0.099609375 0.09912109375
0 0.2548828125 0.328125 0.17822265625 0.12451171875
0 0.990234375 0.3388671875 0.01904296875 0.115234375
0 0.634765625 0.31640625 0.0205078125 0.0927734375
0 0.59375 0.3291015625 0.02783203125 0.099609375
0 0.779296875 0.2841796875 0.02783203125 0.07275390625
0 0.796875 0.169921875 0.0380859375 0.0361328125
