0 0.0927734375 0.2099609375 0.05078125 0.0712890625
0 0.1220703125 0.244140625 0.064453125 0.08203125
0 0.2392578125 0.34375 0.0712890625 0.1083984375
0 0.2265625 0.240234375 0.095703125 0.08203125
0 0.328125 0.2744140625 0.0625 0.091796875
0 0.3154296875 0.1240234375 0.0400390625 0.0537109375
0 0.486328125 0.1875 0.046875 0.0654296875
0 0.59375 0.3291015625 0.1572265625 0.099609375
0 0.603515625 0.244140625 0.099609375 0.0693359375
0 0.6279296875 0.1572265625 0.044921875 0.0625
0 0.7900390625 0.240234375 0.05859375 0.0859375
0 0.71875 0.8662109375 0.2900390625 0.23046875
0 0.6796875 0.619140625 0.138671875 0.1806640625
0 0.822265625 0.6884765625 0.1875 0.21484375
0 0.5087890625 0.107421875 0.0302734375 0.044921875
0 0.4404296875 0.0888671875 0.0517578125 0.08984375
0 0.2763671875 0.2080078125 0.0517578125 0.0751953125
0 0.5771484375 0.0849609375 0.0439453125 0.08203125
0 0.6591796875 0.10546875 0.0341796875 0.044921875
