0 0.3046875 0.4794921875 0.10205078125 0.15771484375
0 0.0400390625 0.57421875 0.080078125 0.15576171875
0 0.4111328125 0.3642578125 0.07958984375 0.10302734375
0 0.421875 0.2294921875 0.05810546875 0.09912109375
0 0.322265625 0.205078125 0.0517578125 0.08251953125
0 0.26171875 0.193359375 0.04345703125 0.0625
0 0.1796875 0.23828125 0.0634765625 0.06591796875
0 0.48046875 0.1005859375 0.0458984375 0.07958984375
0 0.4814453125 0.2021484375 0.05224609375 0.08203125
0 0.541015625 0.1376953125 0.03173828125 0.048828125
0 0.6142578125 0.0927734375 0.02734375 0.04541015625
0 0.642578125 0.1572265625 0.0361328125 0.05859375
0 0.708984375 0.1591796875 0.0498046875 0.0625
0 0.802734375 0.2294921875 0.05419921875 0.08203125
0 0.70703125 0.5849609375 0.13330078125 0.18896484375
0 0.841796875 0.6708984375 0.19140625 0.23974609375
0 0.8740234375 0.5009765625 0.14208984375 0.17724609375
0 0.927734375 0.341796875 0.14404296875 0.1435546875
0 0.666015625 0.109375 0.0361328125 0.08251953125
0 0.5283203125 0.0859375 0.05615234375 0.06640625
