0 0.337890625 0.5654296875 0.1552734375 0.1650390625
0 0.521484375 0.5947265625 0.1552734375 0.2177734375
0 0.6279296875 0.48828125 0.109375 0.130859375
0 0.9013671875 0.38671875 0.1533203125 0.1318359375
0 0.9169921875 0.8447265625 0.166015625 0.263671875
0 0.517578125 0.3564453125 0.068359375 0.087890625
0 0.298828125 0.3623046875 0.0712890625 0.1259765625
0 0.115234375 0.2744140625 0.115234375 0.091796875
0 0.3623046875 0.27734375 0.044921875 0.0732421875
0 0.46484375 0.271484375 0.060546875 0.115234375
0 0.376953125 0.2294921875 0.0341796875 0.052734375
0 0.380859375 0.0830078125 0.0234375 0.044921875
0 0.427734375 0.228515625 0.0283203125 0.0498046875
0 0.4013671875 0.150390625 0.0283203125 0.029296875
0 0.359375 0.1357421875 0.0234375 0.0361328125
0 0.365234375 0.158203125 0.0234375 0.0400390625
0 0.416015625 0.193359375 0.025390625 0.044921875
