0 0.234375 0.423828125 0.08935546875 0.1591796875
0 0.56640625 0.3046875 0.1572265625 0.30419921875
0 0.6826171875 0.3583984375 0.068359375 0.18505859375
0 0.9384765625 0.625 0.123046875 0.26953125
0 0.7958984375 0.29296875 0.103515625 0.17138671875
0 0.21484375 0.2490234375 0.1025390625 0.220703125
0 0.3740234375 0.4443359375 0.056640625 0.16162109375
0 0.962890625 0.814453125 0.07373046875 0.328125
0 0.8740234375 0.4482421875 0.0625 0.193359375
0 0.8828125 0.265625 0.0244140625 0.14013671875
0 0.357421875 0.2568359375 0.0439453125 0.109375
0 0.3857421875 0.2197265625 0.05859375 0.08984375
