0 0.03125 0.59765625 0.0625 0.14794921875
0 0.3388671875 0.603515625 0.134765625 0.1982421875
0 0.416015625 0.3857421875 0.0888671875 0.11865234375
0 0.376953125 0.25390625 0.05810546875 0.0869140625
0 0.3125 0.2099609375 0.05419921875 0.095703125
0 0.24609375 0.1884765625 0.046875 0.07568359375
0 0.166015625 0.2412109375 0.0673828125 0.08349609375
0 0.4580078125 0.2099609375 0.060546875 0.08203125
0 0.7978515625 0.236328125 0.052734375 0.0888671875
0 0.701171875 0.1572265625 0.0419921875 0.05859375
0 0.63671875 0.1357421875 0.0322265625 0.052734375
0 0.5244140625 0.15625 0.041015625 0.0556640625
0 0.46484375 0.158203125 0.04638671875 0.0498046875
0 0.46875 0.0947265625 0.0634765625 0.08349609375
0 0.59375 0.0986328125 0.0302734375 0.04541015625
0 0.6650390625 0.0927734375 0.046875 0.0859375
0 0.697265625 0.1044921875 0.02734375 0.037109375
0 0.7734375 0.423828125 0.12060546875 0.1640625
0 0.8251953125 0.671875 0.20556640625 0.25
0 0.685546875 0.5869140625 0.08984375 0.17724609375
