0 0.4794921875 0.59765625 0.0439453125 0.1240234375
0 0.4228515625 0.5615234375 0.037109375 0.1357421875
0 0.3671875 0.607421875 0.0322265625 0.1123046875
0 0.2509765625 0.2109375 0.025390625 0.091796875
0 0.2421875 0.138671875 0.0244140625 0.076171875
0 0.8740234375 0.294921875 0.0224609375 0.1083984375
0 0.96875 0.4541015625 0.0224609375 0.0986328125
0 0.6435546875 0.087890625 0.021484375 0.0791015625
0 0.6572265625 0.0927734375 0.0234375 0.08984375
0 0.583984375 0.16796875 0.0966796875 0.0859375
0 0.9521484375 0.0927734375 0.060546875 0.078125
0 0.93359375 0.23046875 0.0576171875 0.09765625
0 0.974609375 0.203125 0.0498046875 0.076171875
0 0.298828125 0.0546875 0.04296875 0.08203125
0 0.34765625 0.03515625 0.0546875 0.0703125
