0 0.2900390625 0.5478515625 0.1044921875 0.2685546875
0 0.2138671875 0.6806640625 0.095703125 0.1904296875
0 0.7080078125 0.5498046875 0.060546875 0.1767578125
0 0.82421875 0.91015625 0.087890625 0.1796875
0 0.9267578125 0.50390625 0.0732421875 0.1689453125
0 0.8349609375 0.3193359375 0.0478515625 0.130859375
0 0.12890625 0.2431640625 0.12109375 0.1552734375
0 0.7216796875 0.294921875 0.0830078125 0.181640625
0 0.82421875 0.16015625 0.0849609375 0.130859375
0 0.6650390625 0.1943359375 0.0517578125 0.119140625
0 0.720703125 0.166015625 0.0625 0.083984375
