0 0.02734375 0.5966796875 0.0546875 0.13134765625
0 0.3828125 0.703125 0.16015625 0.24609375
0 0.427734375 0.4033203125 0.109375 0.12744140625
0 0.7373046875 0.3876953125 0.10693359375 0.14697265625
0 0.7978515625 0.2412109375 0.05078125 0.099609375
0 0.8203125 0.66796875 0.20361328125 0.24169921875
0 0.6904296875 0.599609375 0.119140625 0.18798828125
0 0.349609375 0.263671875 0.0576171875 0.11376953125
0 0.443359375 0.21484375 0.0654296875 0.0859375
0 0.513671875 0.169921875 0.03955078125 0.05859375
0 0.4599609375 0.0966796875 0.05224609375 0.095703125
0 0.3037109375 0.2099609375 0.052734375 0.087890625
0 0.236328125 0.189453125 0.05078125 0.08984375
0 0.1591796875 0.236328125 0.064453125 0.0859375
0 0.58203125 0.0966796875 0.03466796875 0.04931640625
0 0.63671875 0.130859375 0.04345703125 0.06591796875
0 0.697265625 0.1630859375 0.0498046875 0.05322265625
0 0.6689453125 0.0927734375 0.046875 0.08203125
