0 0.0927734375 0.3095703125 0.06103515625 0.19775390625
0 0.7890625 0.439453125 0.07373046875 0.2158203125
0 0.43359375 0.31640625 0.0458984375 0.15234375
0 0.2080078125 0.083984375 0.033203125 0.15185546875
0 0.302734375 0.3818359375 0.2890625 0.220703125
0 0.7177734375 0.12109375 0.119140625 0.14892578125
0 0.9482421875 0.134765625 0.076171875 0.13232421875
0 0.4970703125 0.23046875 0.109375 0.16357421875
0 0.73828125 0.2470703125 0.0625 0.18115234375
0 0.912109375 0.40234375 0.11669921875 0.19580078125
0 0.955078125 0.69921875 0.06201171875 0.3125
