0 0.8916015625 0.1875 0.03125 0.10595703125
0 0.8154296875 0.755859375 0.10400390625 0.3671875
0 0.1142578125 0.3251953125 0.03515625 0.16015625
0 0.224609375 0.3046875 0.04736328125 0.14892578125
0 0.291015625 0.25390625 0.03955078125 0.12158203125
0 0.123046875 0.1982421875 0.04248046875 0.10009765625
0 0.8623046875 0.3544921875 0.14208984375 0.255859375
0 0.671875 0.1767578125 0.09375 0.130859375
0 0.60546875 0.099609375 0.05859375 0.1123046875
0 0.236328125 0.1279296875 0.11669921875 0.22021484375
