0 0.33984375 0.5703125 0.07373046875 0.21826171875
0 0.494140625 0.4931640625 0.0908203125 0.173828125
0 0.5908203125 0.521484375 0.07958984375 0.17138671875
0 0.1708984375 0.2822265625 0.04833984375 0.125
0 0.173828125 0.4658203125 0.10888671875 0.23291015625
0 0.3564453125 0.322265625 0.12109375 0.16845703125
0 0.5419921875 0.8193359375 0.07568359375 0.25
0 0.6142578125 0.8447265625 0.05224609375 0.27490234375
0 0.6982421875 0.837890625 0.060546875 0.24658203125
0 0.78515625 0.7919921875 0.04736328125 0.25
