0 0.90234375 0.37890625 0.15234375 0.1181640625
0 0.69921875 0.5419921875 0.134765625 0.1611328125
0 0.951171875 0.91015625 0.09765625 0.1767578125
0 0.6396484375 0.80078125 0.2158203125 0.330078125
0 0.3583984375 0.572265625 0.1708984375 0.16796875
0 0.314453125 0.400390625 0.0908203125 0.16015625
0 0.1171875 0.2763671875 0.1181640625 0.095703125
0 0.533203125 0.37890625 0.083984375 0.0986328125
0 0.3671875 0.306640625 0.056640625 0.0830078125
0 0.48828125 0.3037109375 0.0517578125 0.0830078125
0 0.451171875 0.236328125 0.05078125 0.099609375
0 0.3740234375 0.2451171875 0.046875 0.05859375
0 0.3701171875 0.171875 0.025390625 0.037109375
0 0.3603515625 0.1474609375 0.025390625 0.0400390625
0 0.3837890625 0.1025390625 0.021484375 0.033203125
0 0.4091796875 0.1728515625 0.025390625 0.044921875
