0 0.3076171875 0.3037109375 0.076171875 0.11865234375
0 0.142578125 0.2412109375 0.05517578125 0.07568359375
0 0.1103515625 0.2060546875 0.03369140625 0.08203125
0 0.2265625 0.189453125 0.046875 0.08203125
0 0.2900390625 0.2060546875 0.06640625 0.107421875
0 0.4150390625 0.244140625 0.06787109375 0.09814453125
0 0.3330078125 0.123046875 0.037109375 0.0439453125
0 0.4892578125 0.4169921875 0.17724609375 0.134765625
0 0.701171875 0.33203125 0.08984375 0.140625
0 0.79296875 0.236328125 0.0478515625 0.07373046875
0 0.6865234375 0.15625 0.05224609375 0.0556640625
0 0.4970703125 0.1787109375 0.04150390625 0.04931640625
0 0.541015625 0.9013671875 0.25830078125 0.193359375
0 0.0205078125 0.6005859375 0.04052734375 0.115234375
0 0.6845703125 0.5947265625 0.14208984375 0.1640625
0 0.8095703125 0.6826171875 0.2265625 0.25927734375
0 0.4560546875 0.0869140625 0.05078125 0.08984375
0 0.568359375 0.1044921875 0.03173828125 0.04931640625
0 0.634765625 0.115234375 0.0341796875 0.05859375
0 0.6728515625 0.087890625 0.04443359375 0.07470703125
