0 0.765625 0.189453125 0.0341796875 0.052734375
0 0.798828125 0.169921875 0.037109375 0.0458984375
0 0.888671875 0.130859375 0.025390625 0.044921875
0 0.83203125 0.236328125 0.0439453125 0.0654296875
0 0.724609375 0.2822265625 0.0517578125 0.0732421875
0 0.32421875 0.3642578125 0.185546875 0.181640625
0 0.18359375 0.5498046875 0.2333984375 0.3251953125
0 0.16796875 0.267578125 0.060546875 0.0654296875
0 0.66015625 0.3251953125 0.0283203125 0.091796875
0 0.60546875 0.671875 0.111328125 0.0947265625
0 0.9033203125 0.328125 0.021484375 0.1025390625
0 0.7265625 0.3232421875 0.025390625 0.087890625
0 0.70703125 0.4580078125 0.1806640625 0.14453125
