0 0.4208984375 0.55859375 0.0302734375 0.1337890625
0 0.4765625 0.5947265625 0.02734375 0.1240234375
0 0.37109375 0.619140625 0.0263671875 0.1123046875
0 0.64453125 0.087890625 0.017578125 0.0654296875
0 0.65625 0.09765625 0.0244140625 0.0849609375
0 0.87109375 0.29296875 0.0185546875 0.1142578125
0 0.9658203125 0.455078125 0.0234375 0.078125
0 0.9716796875 0.49609375 0.0224609375 0.107421875
0 0.2412109375 0.1142578125 0.0263671875 0.0849609375
0 0.2490234375 0.21875 0.021484375 0.080078125
0 0.525390625 0.2197265625 0.0615234375 0.1015625
0 0.2939453125 0.0517578125 0.0419921875 0.0849609375
0 0.34765625 0.037109375 0.048828125 0.0537109375
0 0.7333984375 0.19140625 0.0869140625 0.0751953125
0 0.9306640625 0.236328125 0.056640625 0.0849609375
0 0.9755859375 0.2138671875 0.048828125 0.072265625
