0 0.6015625 0.6865234375 0.2041015625 0.275390625
0 0.794921875 0.291015625 0.1123046875 0.1572265625
0 0.2568359375 0.4267578125 0.0947265625 0.1572265625
0 0.2177734375 0.2939453125 0.0595703125 0.1025390625
0 0.361328125 0.2421875 0.1015625 0.203125
0 0.556640625 0.35546875 0.091796875 0.1572265625
0 0.578125 0.2314453125 0.0859375 0.1083984375
0 0.4853515625 0.2529296875 0.056640625 0.1181640625
0 0.73828125 0.427734375 0.0478515625 0.1962890625
0 0.9443359375 0.435546875 0.060546875 0.1923828125
0 0.6240234375 0.41796875 0.05078125 0.177734375
0 0.341796875 0.3857421875 0.0302734375 0.1337890625
0 0.302734375 0.373046875 0.03515625 0.12890625
0 0.2724609375 0.3154296875 0.033203125 0.0966796875
