0 0.6279296875 0.6533203125 0.185546875 0.2509765625
0 0.6171875 0.3642578125 0.1171875 0.119140625
0 0.8505859375 0.541015625 0.0390625 0.1669921875
0 0.806640625 0.34375 0.0244140625 0.0986328125
0 0.7822265625 0.3310546875 0.01953125 0.09375
0 0.7666015625 0.3056640625 0.0205078125 0.0810546875
0 0.45703125 0.3154296875 0.0185546875 0.1123046875
0 0.8779296875 0.408203125 0.0283203125 0.1005859375
0 0.888671875 0.2529296875 0.0205078125 0.0634765625
0 0.81640625 0.224609375 0.0185546875 0.0595703125
