0 0.0703125 0.2265625 0.0966796875 0.123046875
0 0.5673828125 0.45703125 0.1201171875 0.2412109375
0 0.7919921875 0.6845703125 0.1689453125 0.373046875
0 0.896484375 0.3369140625 0.1015625 0.205078125
0 0.607421875 0.791015625 0.2900390625 0.2490234375
0 0.974609375 0.66015625 0.05078125 0.2734375
0 0.70703125 0.4296875 0.048828125 0.177734375
0 0.755859375 0.4150390625 0.04296875 0.1806640625
0 0.685546875 0.2900390625 0.044921875 0.140625
0 0.5654296875 0.28515625 0.044921875 0.13671875
0 0.2734375 0.142578125 0.037109375 0.1142578125
0 0.607421875 0.1796875 0.025390625 0.119140625
0 0.6591796875 0.2021484375 0.033203125 0.111328125
