0 0.18359375 0.5517578125 0.2275390625 0.30859375
0 0.505859375 0.421875 0.15234375 0.099609375
0 0.3740234375 0.349609375 0.0849609375 0.091796875
0 0.2646484375 0.3427734375 0.1787109375 0.1357421875
0 0.7646484375 0.19140625 0.037109375 0.044921875
0 0.7978515625 0.171875 0.029296875 0.0458984375
0 0.8701171875 0.197265625 0.037109375 0.0458984375
0 0.7470703125 0.2578125 0.048828125 0.0625
0 0.9833984375 0.34765625 0.033203125 0.0986328125
0 0.638671875 0.31640625 0.0224609375 0.091796875
0 0.5966796875 0.3232421875 0.0322265625 0.0947265625
0 0.755859375 0.30859375 0.0302734375 0.091796875
