0 0.1171875 0.2734375 0.115234375 0.0859375
0 0.291015625 0.306640625 0.060546875 0.1044921875
0 0.2841796875 0.451171875 0.0673828125 0.1220703125
0 0.431640625 0.4814453125 0.1015625 0.15234375
0 0.5830078125 0.4423828125 0.09765625 0.1259765625
0 0.796875 0.681640625 0.177734375 0.197265625
0 0.908203125 0.3876953125 0.146484375 0.1220703125
0 0.486328125 0.30078125 0.0810546875 0.1318359375
0 0.44140625 0.2548828125 0.037109375 0.0654296875
0 0.4208984375 0.2099609375 0.02734375 0.052734375
0 0.3984375 0.14453125 0.0234375 0.033203125
0 0.365234375 0.1357421875 0.017578125 0.033203125
0 0.369140625 0.19140625 0.0283203125 0.044921875
0 0.365234375 0.2529296875 0.0439453125 0.0693359375
