0 0.7177734375 0.451171875 0.1708984375 0.1259765625
0 0.3193359375 0.357421875 0.1943359375 0.1650390625
0 0.1796875 0.541015625 0.232421875 0.3056640625
0 0.1708984375 0.265625 0.0556640625 0.05859375
0 0.8720703125 0.1484375 0.025390625 0.037109375
0 0.796875 0.1728515625 0.0302734375 0.0400390625
0 0.767578125 0.19140625 0.037109375 0.0458984375
0 0.818359375 0.2568359375 0.0419921875 0.0693359375
0 0.716796875 0.28515625 0.0556640625 0.0712890625
0 0.841796875 0.3251953125 0.0302734375 0.091796875
0 0.5322265625 0.861328125 0.1083984375 0.1083984375
0 0.78515625 0.328125 0.0302734375 0.1025390625
0 0.705078125 0.3232421875 0.041015625 0.08984375
