0 0.498046875 0.7421875 0.1904296875 0.2353515625
0 0.427734375 0.5244140625 0.138671875 0.2099609375
0 0.73046875 0.408203125 0.220703125 0.4375
0 0.40234375 0.291015625 0.1787109375 0.291015625
0 0.5302734375 0.4072265625 0.048828125 0.1748046875
0 0.5185546875 0.2880859375 0.0380859375 0.158203125
0 0.8984375 0.306640625 0.037109375 0.1787109375
0 0.9677734375 0.4501953125 0.064453125 0.2509765625
0 0.720703125 0.70703125 0.0673828125 0.2373046875
0 0.638671875 0.7119140625 0.060546875 0.2412109375
0 0.56640625 0.2158203125 0.0595703125 0.1494140625
0 0.5380859375 0.5546875 0.072265625 0.2109375
