0 0.75390625 0.1494140625 0.0205078125 0.0849609375
0 0.587890625 0.548828125 0.0341796875 0.2236328125
0 0.8037109375 0.306640625 0.0224609375 0.1513671875
0 0.1875 0.306640625 0.0400390625 0.146484375
0 0.05859375 0.2958984375 0.041015625 0.140625
0 0.3984375 0.1826171875 0.03515625 0.1123046875
0 0.5224609375 0.380859375 0.0478515625 0.1865234375
0 0.7109375 0.5029296875 0.0498046875 0.212890625
0 0.7255859375 0.3701171875 0.0419921875 0.1572265625
0 0.837890625 0.3876953125 0.0302734375 0.2060546875
0 0.8916015625 0.34375 0.103515625 0.2265625
0 0.541015625 0.2177734375 0.080078125 0.142578125
0 0.59765625 0.3525390625 0.0751953125 0.181640625
0 0.064453125 0.220703125 0.1044921875 0.10546875
0 0.6826171875 0.21484375 0.0361328125 0.1220703125
0 0.630859375 0.1953125 0.037109375 0.154296875
0 0.5439453125 0.0966796875 0.0322265625 0.091796875
