0 0.59765625 0.794921875 0.3076171875 0.255859375
0 0.826171875 0.724609375 0.189453125 0.3779296875
0 0.89453125 0.3505859375 0.103515625 0.203125
0 0.5703125 0.4892578125 0.12109375 0.2470703125
0 0.06640625 0.224609375 0.099609375 0.1083984375
0 0.27734375 0.1318359375 0.0302734375 0.10546875
0 0.5693359375 0.306640625 0.0439453125 0.138671875
0 0.6943359375 0.314453125 0.0361328125 0.1435546875
0 0.7099609375 0.447265625 0.044921875 0.189453125
0 0.7724609375 0.435546875 0.041015625 0.181640625
0 0.6630859375 0.216796875 0.0302734375 0.123046875
0 0.611328125 0.19140625 0.037109375 0.123046875
