0 0.2744140625 0.4296875 0.083984375 0.11767578125
0 0.423828125 0.4677734375 0.09765625 0.15087890625
0 0.5947265625 0.4599609375 0.09619140625 0.13525390625
0 0.8291015625 0.71875 0.173828125 0.2265625
0 0.9052734375 0.380859375 0.15771484375 0.12158203125
0 0.1171875 0.2724609375 0.1103515625 0.087890625
0 0.2890625 0.306640625 0.05859375 0.10498046875
0 0.4912109375 0.306640625 0.083984375 0.14453125
0 0.44140625 0.2568359375 0.0380859375 0.056640625
0 0.365234375 0.2490234375 0.0361328125 0.056640625
0 0.37109375 0.189453125 0.0244140625 0.03564453125
0 0.359375 0.12109375 0.02001953125 0.0234375
0 0.388671875 0.099609375 0.02294921875 0.0498046875
0 0.408203125 0.1689453125 0.02734375 0.03662109375
0 0.4501953125 0.1982421875 0.0390625 0.056640625
0 0.4228515625 0.205078125 0.02734375 0.04638671875
