0 0.4541015625 0.228515625 0.078125 0.0888671875
0 0.5966796875 0.3349609375 0.15380859375 0.08984375
0 0.787109375 0.2451171875 0.05810546875 0.08349609375
0 0.623046875 0.1171875 0.0390625 0.07080078125
0 0.677734375 0.099609375 0.03515625 0.03955078125
0 0.546875 0.0908203125 0.05078125 0.08984375
0 0.44140625 0.08984375 0.05078125 0.0927734375
0 0.4833984375 0.103515625 0.04443359375 0.07373046875
0 0.669921875 0.603515625 0.1220703125 0.1982421875
0 0.8076171875 0.6962890625 0.232421875 0.24365234375
0 0.2080078125 0.47265625 0.09521484375 0.15673828125
0 0.2451171875 0.3037109375 0.076171875 0.08349609375
0 0.095703125 0.2158203125 0.0595703125 0.07568359375
0 0.12109375 0.255859375 0.0771484375 0.07470703125
0 0.224609375 0.2509765625 0.0810546875 0.078125
0 0.2802734375 0.21484375 0.05712890625 0.0859375
0 0.31640625 0.119140625 0.0458984375 0.05029296875
