0 0.76171875 0.5634765625 0.03125 0.1767578125
0 0.767578125 0.3857421875 0.025390625 0.1357421875
0 0.794921875 0.517578125 0.029296875 0.173828125
0 0.6787109375 0.625 0.095703125 0.2421875
0 0.8642578125 0.6533203125 0.158203125 0.2333984375
0 0.2431640625 0.8125 0.1103515625 0.3671875
0 0.087890625 0.2333984375 0.0400390625 0.111328125
0 0.498046875 0.8115234375 0.2587890625 0.3671875
0 0.44921875 0.4248046875 0.21875 0.1845703125
0 0.486328125 0.2841796875 0.1357421875 0.1357421875
0 0.216796875 0.2919921875 0.0732421875 0.146484375
