0 0.353515625 0.5576171875 0.109375 0.146484375
0 0.685546875 0.673828125 0.197265625 0.1455078125
0 0.6806640625 0.5712890625 0.166015625 0.115234375
0 0.662109375 0.5 0.185546875 0.0966796875
0 0.6484375 0.4482421875 0.171875 0.072265625
0 0.6357421875 0.392578125 0.1455078125 0.0595703125
0 0.677734375 0.361328125 0.1123046875 0.076171875
0 0.9169921875 0.298828125 0.0595703125 0.0654296875
0 0.7744140625 0.314453125 0.0908203125 0.060546875
0 0.73046875 0.3388671875 0.1064453125 0.0751953125
0 0.861328125 0.1982421875 0.0751953125 0.041015625
