0 0.294921875 0.54296875 0.1279296875 0.19140625
0 0.658203125 0.4140625 0.12060546875 0.17529296875
0 0.7939453125 0.29296875 0.10400390625 0.16455078125
0 0.404296875 0.271484375 0.1123046875 0.2265625
0 0.8515625 0.93359375 0.2734375 0.1328125
0 0.23828125 0.3486328125 0.0703125 0.11962890625
0 0.21484375 0.2021484375 0.0947265625 0.16552734375
0 0.5986328125 0.2587890625 0.07958984375 0.11474609375
0 0.5302734375 0.2861328125 0.052734375 0.13134765625
0 0.7080078125 0.4931640625 0.04931640625 0.208984375
0 0.869140625 0.5458984375 0.0673828125 0.24072265625
0 0.318359375 0.3720703125 0.05029296875 0.16015625
0 0.224609375 0.39453125 0.03564453125 0.13330078125
0 0.8818359375 0.2666015625 0.025390625 0.140625
