0 0.1796875 0.251953125 0.109375 0.109375
0 0.2294921875 0.123046875 0.091796875 0.09716796875
0 0.57421875 0.1103515625 0.10498046875 0.15087890625
0 0.927734375 0.166015625 0.09814453125 0.1328125
0 0.6845703125 0.2646484375 0.08056640625 0.154296875
0 0.146484375 0.626953125 0.07373046875 0.13623046875
0 0.0869140625 0.7666015625 0.1015625 0.109375
0 0.052734375 0.87890625 0.10498046875 0.1240234375
0 0.333984375 0.9462890625 0.0908203125 0.107421875
0 0.857421875 0.7373046875 0.14501953125 0.15869140625
0 0.84765625 0.322265625 0.0947265625 0.13720703125
0 0.501953125 0.5205078125 0.125 0.25244140625
0 0.6083984375 0.8857421875 0.14599609375 0.1640625
0 0.724609375 0.9697265625 0.1201171875 0.05712890625
0 0.5947265625 0.2431640625 0.0390625 0.08349609375
