0 0.4208984375 0.55859375 0.02978515625 0.13330078125
0 0.4765625 0.5947265625 0.02734375 0.12353515625
0 0.37109375 0.619140625 0.02685546875 0.11279296875
0 0.64453125 0.087890625 0.0166015625 0.06591796875
0 0.65625 0.09765625 0.02392578125 0.08544921875
0 0.87109375 0.29296875 0.01904296875 0.11376953125
0 0.9658203125 0.455078125 0.0234375 0.078125
0 0.9716796875 0.49609375 0.02197265625 0.1083984375
0 0.2412109375 0.1142578125 0.02587890625 0.08447265625
0 0.2490234375 0.21875 0.021484375 0.0791015625
0 0.525390625 0.2197265625 0.06201171875 0.1015625
0 0.2939453125 0.0517578125 0.04150390625 0.08447265625
0 0.34765625 0.037109375 0.0478515625 0.05419921875
0 0.7333984375 0.19140625 0.08740234375 0.07470703125
0 0.9306640625 0.236328125 0.056640625 0.08544921875
0 0.9755859375 0.2138671875 0.048828125 0.072265625
