0 0.59375 0.3310546875 0.1630859375 0.095703125
0 0.7890625 0.2421875 0.05859375 0.08984375
0 0.62109375 0.1171875 0.03466796875 0.05419921875
0 0.67578125 0.0986328125 0.03955078125 0.04931640625
0 0.46484375 0.2275390625 0.0771484375 0.0859375
0 0.677734375 0.6171875 0.1376953125 0.18701171875
0 0.81640625 0.705078125 0.21826171875 0.25
0 0.212890625 0.458984375 0.09033203125 0.1435546875
0 0.25 0.2978515625 0.0771484375 0.095703125
0 0.27734375 0.216796875 0.0537109375 0.078125
0 0.22265625 0.2392578125 0.0947265625 0.07177734375
0 0.1259765625 0.2509765625 0.0625 0.0625
0 0.0986328125 0.212890625 0.064453125 0.07373046875
0 0.318359375 0.12109375 0.04345703125 0.06640625
0 0.44140625 0.0888671875 0.05126953125 0.08984375
0 0.4853515625 0.1015625 0.0390625 0.08984375
0 0.5517578125 0.0947265625 0.046875 0.06640625
