0 0.513671875 0.5322265625 0.1484375 0.240234375
0 0.1796875 0.251953125 0.0966796875 0.1044921875
0 0.8515625 0.326171875 0.09375 0.1376953125
0 0.685546875 0.2705078125 0.0908203125 0.166015625
0 0.931640625 0.1640625 0.0859375 0.123046875
0 0.580078125 0.1142578125 0.103515625 0.1533203125
0 0.857421875 0.7353515625 0.146484375 0.146484375
0 0.6103515625 0.892578125 0.1376953125 0.1591796875
0 0.142578125 0.619140625 0.080078125 0.138671875
0 0.072265625 0.771484375 0.103515625 0.119140625
0 0.0537109375 0.8662109375 0.0908203125 0.1044921875
