0 0.4755859375 0.5947265625 0.029296875 0.10302734375
0 0.421875 0.5615234375 0.0302734375 0.111328125
0 0.3681640625 0.6142578125 0.03369140625 0.12744140625
0 0.25 0.2138671875 0.0244140625 0.08203125
0 0.244140625 0.1279296875 0.01904296875 0.06640625
0 0.6455078125 0.0927734375 0.01416015625 0.080078125
0 0.6552734375 0.0947265625 0.021484375 0.09912109375
0 0.87109375 0.302734375 0.02685546875 0.09765625
0 0.962890625 0.458984375 0.02294921875 0.07861328125
0 0.9873046875 0.4892578125 0.01708984375 0.1015625
0 0.9287109375 0.2412109375 0.06884765625 0.0859375
0 0.890625 0.119140625 0.0693359375 0.06982421875
0 0.9755859375 0.2099609375 0.04833984375 0.08349609375
0 0.302734375 0.05859375 0.0361328125 0.07470703125
0 0.349609375 0.0419921875 0.06201171875 0.08349609375
