0 0.287109375 0.4677734375 0.0830078125 0.12255859375
0 0.439453125 0.4912109375 0.1123046875 0.173828125
0 0.5703125 0.4306640625 0.0869140625 0.119140625
0 0.771484375 0.658203125 0.1591796875 0.1923828125
0 0.9033203125 0.384765625 0.150390625 0.1201171875
0 0.1220703125 0.2734375 0.10693359375 0.08984375
0 0.294921875 0.3173828125 0.0654296875 0.107421875
0 0.4814453125 0.30078125 0.068359375 0.14453125
0 0.4345703125 0.2490234375 0.029296875 0.0625
0 0.3642578125 0.2529296875 0.044921875 0.06494140625
0 0.3720703125 0.193359375 0.029296875 0.04248046875
0 0.3583984375 0.12109375 0.01806640625 0.03564453125
0 0.384765625 0.0927734375 0.0263671875 0.048828125
0 0.408203125 0.1650390625 0.0234375 0.037109375
