0 0.3349609375 0.1240234375 0.03515625 0.0537109375
0 0.224609375 0.193359375 0.0537109375 0.0712890625
0 0.1435546875 0.2451171875 0.052734375 0.06640625
0 0.1220703125 0.2080078125 0.05078125 0.087890625
0 0.021484375 0.611328125 0.04296875 0.1318359375
0 0.4658203125 0.4140625 0.1474609375 0.14453125
0 0.419921875 0.2392578125 0.06640625 0.087890625
0 0.708984375 0.345703125 0.0966796875 0.134765625
0 0.794921875 0.240234375 0.0537109375 0.078125
0 0.689453125 0.1552734375 0.048828125 0.0625
0 0.484375 0.8662109375 0.2294921875 0.267578125
0 0.6767578125 0.5986328125 0.1064453125 0.169921875
0 0.81640625 0.6865234375 0.208984375 0.2587890625
0 0.5029296875 0.1806640625 0.046875 0.05859375
0 0.31640625 0.298828125 0.07421875 0.111328125
0 0.294921875 0.21484375 0.060546875 0.0859375
0 0.6357421875 0.1259765625 0.03515625 0.0537109375
0 0.5673828125 0.1005859375 0.037109375 0.0458984375
0 0.50390625 0.078125 0.048828125 0.0830078125
0 0.455078125 0.0986328125 0.0517578125 0.091796875
0 0.6708984375 0.0859375 0.048828125 0.0712890625
