0 0.142578125 0.3701171875 0.0625 0.171875
0 0.681640625 0.4150390625 0.03515625 0.1845703125
0 0.70703125 0.32421875 0.033203125 0.1640625
0 0.521484375 0.2861328125 0.0361328125 0.16015625
0 0.673828125 0.185546875 0.037109375 0.111328125
0 0.6240234375 0.1669921875 0.0322265625 0.12890625
0 0.5908203125 0.2939453125 0.060546875 0.181640625
0 0.06640625 0.224609375 0.099609375 0.1318359375
0 0.890625 0.341796875 0.1064453125 0.203125
0 0.619140625 0.552734375 0.0419921875 0.2099609375
0 0.580078125 0.529296875 0.041015625 0.251953125
0 0.5419921875 0.1728515625 0.0673828125 0.1220703125
0 0.388671875 0.220703125 0.0283203125 0.13671875
0 0.8125 0.3466796875 0.044921875 0.1884765625
