0 0.0615234375 0.23046875 0.09619140625 0.07080078125
0 0.3154296875 0.3515625 0.06640625 0.12451171875
0 0.556640625 0.41015625 0.14111328125 0.1162109375
0 0.9541015625 0.51171875 0.091796875 0.234375
0 0.6962890625 0.33984375 0.11865234375 0.07861328125
0 0.458984375 0.28515625 0.078125 0.0869140625
0 0.390625 0.22265625 0.0625 0.0869140625
0 0.306640625 0.2138671875 0.02734375 0.07177734375
0 0.7373046875 0.2724609375 0.033203125 0.07958984375
0 0.3232421875 0.1982421875 0.021484375 0.06884765625
