0 0.3427734375 0.435546875 0.130859375 0.1796875
0 0.80859375 0.5009765625 0.2490234375 0.29052734375
0 0.6484375 0.28515625 0.12109375 0.16015625
0 0.7587890625 0.203125 0.095703125 0.11767578125
0 0.498046875 0.2861328125 0.10595703125 0.14697265625
0 0.37890625 0.3271484375 0.11376953125 0.15625
0 0.2138671875 0.2451171875 0.03662109375 0.06005859375
0 0.5888671875 0.1884765625 0.029296875 0.10302734375
0 0.5439453125 0.1962890625 0.02734375 0.08984375
0 0.2646484375 0.220703125 0.033203125 0.06201171875
0 0.962890625 0.1591796875 0.07373046875 0.14208984375
0 0.896484375 0.154296875 0.08544921875 0.12109375
0 0.8310546875 0.1640625 0.06494140625 0.08935546875
