0 0.9404296875 0.4228515625 0.119140625 0.69775390625
0 0.341796875 0.1357421875 0.0595703125 0.1328125
0 0.2900390625 0.2548828125 0.07275390625 0.35693359375
0 0.197265625 0.259765625 0.08935546875 0.4248046875
0 0.0751953125 0.142578125 0.0625 0.21875
0 0.1240234375 0.1767578125 0.064453125 0.21630859375
0 0.294921875 0.330078125 0.26220703125 0.2265625
0 0.130859375 0.3271484375 0.2470703125 0.17724609375
0 0.68359375 0.2666015625 0.48876953125 0.2578125
0 0.48828125 0.552734375 0.80029296875 0.3154296875
