0 0.712890625 0.4423828125 0.16015625 0.11865234375
0 0.3203125 0.369140625 0.1875 0.171875
0 0.1845703125 0.54296875 0.244140625 0.30908203125
0 0.1708984375 0.263671875 0.05712890625 0.05859375
0 0.7685546875 0.193359375 0.037109375 0.05029296875
0 0.798828125 0.1708984375 0.0283203125 0.044921875
0 0.87890625 0.140625 0.0302734375 0.04248046875
0 0.822265625 0.2509765625 0.05078125 0.06640625
0 0.720703125 0.28515625 0.0517578125 0.07861328125
0 0.8642578125 0.326171875 0.025390625 0.10205078125
0 0.763671875 0.3310546875 0.02783203125 0.10791015625
0 0.5458984375 0.8212890625 0.138671875 0.091796875
0 0.6884765625 0.3291015625 0.037109375 0.099609375
