0 0.5654296875 0.560546875 0.1181640625 0.26171875
0 0.2314453125 0.22265625 0.041015625 0.119140625
0 0.7646484375 0.4755859375 0.044921875 0.2099609375
0 0.7744140625 0.7294921875 0.0595703125 0.287109375
0 0.8818359375 0.4921875 0.04296875 0.203125
0 0.646484375 0.2900390625 0.0390625 0.154296875
0 0.7099609375 0.2861328125 0.0341796875 0.1396484375
0 0.548828125 0.1767578125 0.0361328125 0.111328125
0 0.6533203125 0.5078125 0.0947265625 0.2626953125
0 0.5595703125 0.326171875 0.091796875 0.17578125
0 0.8916015625 0.34375 0.0986328125 0.2275390625
0 0.0654296875 0.22265625 0.10546875 0.126953125
0 0.416015625 0.130859375 0.0283203125 0.1005859375
0 0.8125 0.333984375 0.029296875 0.1494140625
