0 0.0908203125 0.2119140625 0.0419921875 0.087890625
0 0.1220703125 0.255859375 0.078125 0.0751953125
0 0.2216796875 0.2431640625 0.103515625 0.0830078125
0 0.255859375 0.318359375 0.072265625 0.1044921875
0 0.2763671875 0.212890625 0.0517578125 0.0693359375
0 0.3154296875 0.12109375 0.0390625 0.0537109375
0 0.3642578125 0.2607421875 0.07421875 0.08203125
0 0.4951171875 0.1748046875 0.048828125 0.0615234375
0 0.4404296875 0.08984375 0.048828125 0.091796875
0 0.587890625 0.0830078125 0.0439453125 0.0693359375
0 0.521484375 0.10546875 0.037109375 0.044921875
0 0.6533203125 0.109375 0.0419921875 0.052734375
0 0.6279296875 0.1767578125 0.0458984375 0.0693359375
0 0.7890625 0.2431640625 0.0537109375 0.095703125
0 0.671875 0.2744140625 0.1083984375 0.091796875
0 0.5908203125 0.3349609375 0.162109375 0.1083984375
0 0.6728515625 0.5927734375 0.1162109375 0.203125
0 0.8056640625 0.6875 0.2314453125 0.23046875
0 0.5478515625 0.7412109375 0.232421875 0.283203125
