0 0.169921875 0.267578125 0.0517578125 0.0625
0 0.32421875 0.361328125 0.185546875 0.1611328125
0 0.392578125 0.341796875 0.0693359375 0.0751953125
0 0.1787109375 0.537109375 0.236328125 0.3134765625
0 0.728515625 0.2802734375 0.052734375 0.0693359375
0 0.765625 0.19140625 0.0400390625 0.0419921875
0 0.7998046875 0.1767578125 0.033203125 0.0458984375
0 0.83984375 0.23046875 0.037109375 0.0625
0 0.8935546875 0.1240234375 0.0224609375 0.0419921875
0 0.916015625 0.3330078125 0.025390625 0.099609375
0 0.65234375 0.3232421875 0.033203125 0.091796875
0 0.70703125 0.3232421875 0.025390625 0.0947265625
0 0.681640625 0.4404296875 0.193359375 0.138671875
0 0.6337890625 0.5693359375 0.072265625 0.140625
