0 0.822265625 0.423828125 0.1767578125 0.1474609375
0 0.2607421875 0.4462890625 0.0947265625 0.1865234375
0 0.6513671875 0.2412109375 0.06640625 0.091796875
0 0.7890625 0.2421875 0.05078125 0.0986328125
0 0.6708984375 0.609375 0.125 0.177734375
0 0.8115234375 0.69921875 0.205078125 0.279296875
0 0.318359375 0.33984375 0.08984375 0.1259765625
0 0.455078125 0.2119140625 0.0517578125 0.06640625
0 0.359375 0.22265625 0.0517578125 0.0625
0 0.31640625 0.1240234375 0.037109375 0.05859375
0 0.271484375 0.2119140625 0.064453125 0.0830078125
0 0.205078125 0.23828125 0.087890625 0.0859375
0 0.095703125 0.2080078125 0.0576171875 0.0859375
0 0.1220703125 0.2529296875 0.080078125 0.0859375
0 0.4462890625 0.0947265625 0.0576171875 0.0791015625
0 0.521484375 0.1240234375 0.0341796875 0.05859375
0 0.6416015625 0.12890625 0.046875 0.0615234375
