0 0.123046875 0.576171875 0.08544921875 0.25
0 0.21484375 0.4990234375 0.0625 0.21728515625
0 0.03125 0.5302734375 0.05029296875 0.208984375
0 0.7314453125 0.693359375 0.10693359375 0.34423828125
0 0.669921875 0.3935546875 0.0654296875 0.208984375
0 0.1005859375 0.27734375 0.04833984375 0.14111328125
0 0.2177734375 0.177734375 0.154296875 0.28076171875
0 0.8896484375 0.5390625 0.16015625 0.30908203125
0 0.7548828125 0.2353515625 0.10400390625 0.17724609375
0 0.64453125 0.1259765625 0.07373046875 0.11474609375
0 0.580078125 0.076171875 0.05419921875 0.10107421875
0 0.91796875 0.1982421875 0.03515625 0.10791015625
