0 0.712890625 0.4404296875 0.1611328125 0.12646484375
0 0.318359375 0.3662109375 0.18359375 0.177734375
0 0.185546875 0.5458984375 0.23876953125 0.30322265625
0 0.16796875 0.263671875 0.0615234375 0.06591796875
0 0.7666015625 0.193359375 0.033203125 0.0498046875
0 0.796875 0.173828125 0.03466796875 0.04248046875
0 0.87890625 0.140625 0.0244140625 0.04248046875
0 0.82421875 0.2451171875 0.0458984375 0.06640625
0 0.71875 0.2841796875 0.05419921875 0.078125
0 0.5595703125 0.7998046875 0.14208984375 0.07275390625
0 0.87109375 0.328125 0.03173828125 0.09814453125
0 0.755859375 0.3212890625 0.02734375 0.09521484375
0 0.68359375 0.3291015625 0.0380859375 0.095703125
0 0.3916015625 0.33984375 0.06640625 0.07861328125
