0 0.18359375 0.5498046875 0.2314453125 0.337890625
0 0.2158203125 0.3212890625 0.154296875 0.1181640625
0 0.427734375 0.4091796875 0.1474609375 0.091796875
0 0.353515625 0.341796875 0.107421875 0.0751953125
0 0.9248046875 0.1015625 0.0185546875 0.0322265625
0 0.8828125 0.1787109375 0.029296875 0.0419921875
0 0.796875 0.169921875 0.0283203125 0.0458984375
0 0.767578125 0.19140625 0.041015625 0.0419921875
0 0.76953125 0.2451171875 0.044921875 0.0625
0 0.6240234375 0.31640625 0.021484375 0.091796875
0 0.8125 0.23828125 0.017578125 0.08203125
0 0.5751953125 0.3212890625 0.029296875 0.095703125
