0 0.7177734375 0.451171875 0.17041015625 0.12548828125
0 0.3193359375 0.357421875 0.19384765625 0.16455078125
0 0.1796875 0.541015625 0.2333984375 0.30517578125
0 0.1708984375 0.265625 0.05615234375 0.05859375
0 0.8720703125 0.1484375 0.025390625 0.0380859375
0 0.796875 0.1728515625 0.03076171875 0.04052734375
0 0.767578125 0.19140625 0.0361328125 0.04638671875
0 0.818359375 0.2568359375 0.04248046875 0.06884765625
0 0.716796875 0.28515625 0.05517578125 0.07080078125
0 0.841796875 0.3251953125 0.03076171875 0.091796875
0 0.5322265625 0.861328125 0.10791015625 0.10888671875
0 0.78515625 0.328125 0.03076171875 0.10205078125
0 0.705078125 0.3232421875 0.0419921875 0.08984375
