0 0.4228515625 0.5595703125 0.0322265625 0.142578125
0 0.4765625 0.599609375 0.0361328125 0.1455078125
0 0.3671875 0.609375 0.033203125 0.1376953125
0 0.2529296875 0.22265625 0.017578125 0.072265625
0 0.2431640625 0.1298828125 0.021484375 0.0654296875
0 0.64453125 0.0908203125 0.0224609375 0.0732421875
0 0.6572265625 0.0927734375 0.0234375 0.0830078125
0 0.87109375 0.2939453125 0.01953125 0.1044921875
0 0.62109375 0.162109375 0.0947265625 0.068359375
0 0.9296875 0.236328125 0.0712890625 0.0791015625
0 0.9775390625 0.2099609375 0.044921875 0.08203125
0 0.9892578125 0.0771484375 0.021484375 0.06640625
0 0.3017578125 0.0615234375 0.037109375 0.08984375
0 0.3515625 0.0419921875 0.0576171875 0.0830078125
