0 0.341796875 0.5693359375 0.07861328125 0.21240234375
0 0.2236328125 0.3310546875 0.05859375 0.12744140625
0 0.46875 0.40625 0.0556640625 0.14892578125
0 0.171875 0.513671875 0.10986328125 0.2548828125
0 0.365234375 0.326171875 0.11376953125 0.14892578125
0 0.525390625 0.7509765625 0.05419921875 0.236328125
0 0.6259765625 0.8115234375 0.056640625 0.2421875
0 0.783203125 0.8505859375 0.0625 0.244140625
0 0.6923828125 0.8544921875 0.06640625 0.263671875
0 0.7392578125 0.7470703125 0.04931640625 0.25244140625
0 0.6259765625 0.5771484375 0.119140625 0.14990234375
