0 0.2392578125 0.3896484375 0.076171875 0.1396484375
0 0.3935546875 0.759765625 0.185546875 0.3017578125
0 0.791015625 0.4990234375 0.138671875 0.1953125
0 0.794921875 0.28125 0.107421875 0.15625
0 0.5859375 0.3369140625 0.0615234375 0.142578125
0 0.462890625 0.3017578125 0.126953125 0.2490234375
0 0.2197265625 0.2275390625 0.0986328125 0.1708984375
0 0.623046875 0.2822265625 0.0791015625 0.1318359375
0 0.3515625 0.41015625 0.0537109375 0.154296875
0 0.8828125 0.275390625 0.0302734375 0.1318359375
0 0.8271484375 0.6396484375 0.068359375 0.248046875
