0 0.673828125 0.7021484375 0.07421875 0.25146484375
0 0.740234375 0.7138671875 0.0517578125 0.244140625
0 0.5302734375 0.53515625 0.076171875 0.24560546875
0 0.53515625 0.373046875 0.0537109375 0.1953125
0 0.515625 0.27734375 0.0478515625 0.14794921875
0 0.7177734375 0.3984375 0.21728515625 0.42578125
0 0.3955078125 0.271484375 0.18212890625 0.30419921875
0 0.4228515625 0.5029296875 0.13671875 0.19140625
0 0.4775390625 0.7060546875 0.197265625 0.265625
0 0.9580078125 0.427734375 0.083984375 0.2392578125
0 0.564453125 0.208984375 0.06201171875 0.15283203125
