0 0.2529296875 0.189453125 0.04150390625 0.06201171875
0 0.17578125 0.2392578125 0.05517578125 0.087890625
0 0.31640625 0.533203125 0.1181640625 0.18701171875
0 0.033203125 0.5849609375 0.06640625 0.126953125
0 0.6943359375 0.5869140625 0.119140625 0.18115234375
0 0.833984375 0.6748046875 0.19189453125 0.23974609375
0 0.818359375 0.458984375 0.1201171875 0.1640625
0 0.80078125 0.236328125 0.0458984375 0.08251953125
0 0.705078125 0.1552734375 0.0390625 0.0625
0 0.4111328125 0.37890625 0.07958984375 0.1103515625
0 0.3994140625 0.2451171875 0.052734375 0.087890625
0 0.47265625 0.2080078125 0.0537109375 0.07275390625
0 0.3125 0.205078125 0.0556640625 0.0888671875
0 0.5302734375 0.150390625 0.03271484375 0.06201171875
0 0.4765625 0.1435546875 0.03515625 0.052734375
0 0.47265625 0.0986328125 0.04248046875 0.07177734375
0 0.60546875 0.099609375 0.03173828125 0.0576171875
0 0.638671875 0.146484375 0.03466796875 0.07080078125
0 0.6669921875 0.1005859375 0.05078125 0.091796875
