0 0.3046875 0.2080078125 0.025390625 0.0751953125
0 0.3271484375 0.1982421875 0.0185546875 0.0693359375
0 0.73046875 0.2724609375 0.037109375 0.0537109375
0 0.939453125 0.5205078125 0.1201171875 0.2666015625
0 0.7392578125 0.341796875 0.111328125 0.0791015625
0 0.591796875 0.4013671875 0.13671875 0.107421875
0 0.314453125 0.349609375 0.05078125 0.1259765625
0 0.3896484375 0.2236328125 0.05859375 0.08203125
0 0.45703125 0.2880859375 0.076171875 0.0986328125
0 0.064453125 0.224609375 0.0849609375 0.0712890625
