0 0.1884765625 0.6591796875 0.09765625 0.2119140625
0 0.7978515625 0.8759765625 0.09375 0.2314453125
0 0.7021484375 0.525390625 0.06640625 0.1875
0 0.908203125 0.46875 0.0712890625 0.1689453125
0 0.830078125 0.2919921875 0.0517578125 0.1171875
0 0.666015625 0.177734375 0.0478515625 0.1142578125
0 0.287109375 0.55859375 0.12109375 0.3310546875
0 0.7275390625 0.287109375 0.0830078125 0.2041015625
0 0.833984375 0.1552734375 0.068359375 0.1328125
0 0.1142578125 0.2490234375 0.1162109375 0.1552734375
