0 0.3603515625 0.44921875 0.0908203125 0.099609375
0 0.560546875 0.376953125 0.0517578125 0.064453125
0 0.5126953125 0.40234375 0.0517578125 0.041015625
0 0.4306640625 0.439453125 0.0576171875 0.0576171875
0 0.2548828125 0.6591796875 0.0986328125 0.1328125
0 0.150390625 0.830078125 0.0986328125 0.1845703125
0 0.4150390625 0.7412109375 0.1298828125 0.150390625
0 0.5703125 0.630859375 0.1591796875 0.162109375
0 0.4384765625 0.8916015625 0.173828125 0.216796875
0 0.861328125 0.595703125 0.033203125 0.087890625
0 0.8671875 0.705078125 0.0419921875 0.0732421875
0 0.4423828125 0.615234375 0.048828125 0.0908203125
