0 0.166015625 0.267578125 0.064453125 0.0615234375
0 0.94140625 0.3330078125 0.0283203125 0.091796875
0 0.62890625 0.3291015625 0.025390625 0.087890625
0 0.677734375 0.3232421875 0.025390625 0.095703125
0 0.90234375 0.12109375 0.0205078125 0.033203125
0 0.73046875 0.275390625 0.0537109375 0.078125
0 0.765625 0.19140625 0.0322265625 0.056640625
0 0.796875 0.171875 0.037109375 0.0537109375
0 0.8525390625 0.21484375 0.037109375 0.056640625
0 0.3154296875 0.3544921875 0.181640625 0.16796875
0 0.1806640625 0.5458984375 0.236328125 0.3125
0 0.6416015625 0.4287109375 0.1787109375 0.1943359375
0 0.3916015625 0.345703125 0.06640625 0.0830078125
