0 0.119140625 0.52734375 0.046875 0.044921875
0 0.978515625 0.5908203125 0.0419921875 0.0791015625
0 0.890625 0.6015625 0.125 0.091796875
0 0.662109375 0.6630859375 0.12109375 0.1279296875
0 0.103515625 0.7119140625 0.16015625 0.14453125
0 0.1748046875 0.5166015625 0.037109375 0.044921875
0 0.3525390625 0.5615234375 0.087890625 0.0625
0 0.4716796875 0.55859375 0.0859375 0.056640625
0 0.650390625 0.5458984375 0.150390625 0.107421875
0 0.541015625 0.759765625 0.2177734375 0.1318359375
0 0.587890625 0.884765625 0.27734375 0.2177734375
