0 0.576171875 0.5966796875 0.142578125 0.251953125
0 0.068359375 0.224609375 0.1064453125 0.111328125
0 0.5595703125 0.3486328125 0.09765625 0.19140625
0 0.6591796875 0.5341796875 0.10546875 0.283203125
0 0.8916015625 0.34375 0.109375 0.2158203125
0 0.7900390625 0.798828125 0.0654296875 0.310546875
0 0.7734375 0.513671875 0.05078125 0.2099609375
0 0.8974609375 0.51171875 0.0439453125 0.212890625
0 0.71875 0.3046875 0.03515625 0.140625
0 0.6572265625 0.3134765625 0.033203125 0.1494140625
0 0.548828125 0.1953125 0.041015625 0.1220703125
0 0.6669921875 0.2109375 0.041015625 0.111328125
0 0.23828125 0.20703125 0.0400390625 0.1083984375
0 0.423828125 0.111328125 0.025390625 0.09375
0 0.8125 0.3388671875 0.037109375 0.13671875
