0 0.5673828125 0.171875 0.0859375 0.0830078125
0 0.91796875 0.1083984375 0.048828125 0.0595703125
0 0.927734375 0.2431640625 0.0673828125 0.0693359375
0 0.9755859375 0.205078125 0.048828125 0.0712890625
0 0.30078125 0.056640625 0.05078125 0.0947265625
0 0.3388671875 0.037109375 0.068359375 0.07421875
0 0.423828125 0.5537109375 0.0390625 0.12109375
0 0.478515625 0.60546875 0.033203125 0.130859375
0 0.3681640625 0.6171875 0.0283203125 0.125
0 0.25 0.22265625 0.0224609375 0.0859375
0 0.24609375 0.14453125 0.021484375 0.0712890625
0 0.650390625 0.09765625 0.0146484375 0.0751953125
0 0.6591796875 0.0947265625 0.021484375 0.0830078125
0 0.873046875 0.3037109375 0.0361328125 0.111328125
0 0.966796875 0.443359375 0.017578125 0.0849609375
0 0.9951171875 0.4990234375 0.009765625 0.0986328125
