0 0.09375 0.216796875 0.05419921875 0.07373046875
0 0.125 0.2470703125 0.0625 0.07568359375
0 0.22265625 0.244140625 0.08251953125 0.08203125
0 0.279296875 0.2958984375 0.0654296875 0.099609375
0 0.396484375 0.2490234375 0.06640625 0.07958984375
0 0.314453125 0.119140625 0.0419921875 0.05859375
0 0.5009765625 0.1650390625 0.041015625 0.06884765625
0 0.4443359375 0.0908203125 0.06787109375 0.08984375
0 0.599609375 0.0908203125 0.0361328125 0.07275390625
0 0.6328125 0.1875 0.05078125 0.08203125
0 0.580078125 0.330078125 0.1591796875 0.1123046875
0 0.732421875 0.2978515625 0.0908203125 0.10400390625
0 0.791015625 0.23828125 0.0576171875 0.08203125
0 0.6533203125 0.1123046875 0.041015625 0.052734375
0 0.6669921875 0.607421875 0.11572265625 0.18017578125
0 0.806640625 0.69921875 0.2265625 0.26220703125
0 0.42578125 0.5927734375 0.17626953125 0.19775390625
0 0.443359375 0.84375 0.20751953125 0.30419921875
