0 0.1572265625 0.7109375 0.2900390625 0.25390625
0 0.5400390625 0.7333984375 0.1240234375 0.2431640625
0 0.3662109375 0.48828125 0.06640625 0.1669921875
0 0.509765625 0.4677734375 0.0625 0.1767578125
0 0.6787109375 0.5341796875 0.06640625 0.1923828125
0 0.91796875 0.60546875 0.0595703125 0.1943359375
0 0.8955078125 0.4912109375 0.044921875 0.158203125
0 0.9599609375 0.5419921875 0.0361328125 0.189453125
0 0.6220703125 0.4375 0.0498046875 0.171875
0 0.4638671875 0.3740234375 0.1123046875 0.1474609375
0 0.732421875 0.42578125 0.1376953125 0.15625
0 0.7880859375 0.33203125 0.130859375 0.1455078125
0 0.63671875 0.3212890625 0.10546875 0.1181640625
0 0.404296875 0.287109375 0.119140625 0.1142578125
0 0.5712890625 0.271484375 0.0986328125 0.111328125
0 0.673828125 0.2314453125 0.107421875 0.1005859375
0 0.4541015625 0.2236328125 0.1123046875 0.158203125
