0 0.3671875 0.6044921875 0.0400390625 0.10302734375
0 0.4794921875 0.6123046875 0.017578125 0.08837890625
0 0.4248046875 0.556640625 0.0234375 0.09814453125
0 0.248046875 0.224609375 0.03564453125 0.09765625
0 0.244140625 0.15625 0.02294921875 0.07470703125
0 0.873046875 0.3017578125 0.02734375 0.1015625
0 0.96484375 0.4609375 0.02783203125 0.0791015625
0 0.6416015625 0.0927734375 0.01806640625 0.08349609375
0 0.6552734375 0.0859375 0.021484375 0.0927734375
0 0.931640625 0.2373046875 0.0654296875 0.08837890625
0 0.9755859375 0.2099609375 0.048828125 0.087890625
0 0.7119140625 0.138671875 0.095703125 0.07373046875
0 0.296875 0.052734375 0.04638671875 0.07470703125
0 0.3466796875 0.03515625 0.06787109375 0.06982421875
