0 0.13671875 0.515625 0.048828125 0.0458984375
0 0.22265625 0.5283203125 0.0390625 0.0537109375
0 0.3212890625 0.5634765625 0.0947265625 0.0693359375
0 0.5078125 0.556640625 0.0908203125 0.0654296875
0 0.634765625 0.5849609375 0.1162109375 0.0751953125
0 0.88671875 0.6044921875 0.123046875 0.08984375
0 0.9736328125 0.56640625 0.052734375 0.1142578125
0 0.6630859375 0.6630859375 0.1181640625 0.119140625
0 0.5244140625 0.7578125 0.173828125 0.1318359375
0 0.626953125 0.8720703125 0.2685546875 0.2099609375
