0 0.09375 0.216796875 0.0537109375 0.0732421875
0 0.125 0.2470703125 0.0625 0.0751953125
0 0.22265625 0.244140625 0.0830078125 0.08203125
0 0.279296875 0.2958984375 0.064453125 0.099609375
0 0.396484375 0.2490234375 0.06640625 0.0791015625
0 0.314453125 0.119140625 0.041015625 0.05859375
0 0.5009765625 0.1650390625 0.041015625 0.0693359375
0 0.4443359375 0.0908203125 0.0673828125 0.08984375
0 0.599609375 0.0908203125 0.037109375 0.0732421875
0 0.6328125 0.1875 0.05078125 0.08203125
0 0.580078125 0.330078125 0.158203125 0.111328125
0 0.732421875 0.2978515625 0.091796875 0.1044921875
0 0.791015625 0.23828125 0.056640625 0.08203125
0 0.6533203125 0.1123046875 0.041015625 0.052734375
0 0.6669921875 0.607421875 0.1162109375 0.1806640625
0 0.806640625 0.69921875 0.2265625 0.2626953125
0 0.42578125 0.5927734375 0.1767578125 0.1982421875
0 0.443359375 0.84375 0.2080078125 0.3037109375
