0 0.29296875 0.505859375 0.083984375 0.1318359375
0 0.4599609375 0.5263671875 0.126953125 0.1767578125
0 0.7197265625 0.6005859375 0.1435546875 0.173828125
0 0.9052734375 0.38671875 0.150390625 0.1318359375
0 0.552734375 0.40234375 0.076171875 0.099609375
0 0.2900390625 0.326171875 0.068359375 0.111328125
0 0.119140625 0.2724609375 0.1064453125 0.0830078125
0 0.474609375 0.2919921875 0.0732421875 0.134765625
0 0.3642578125 0.2607421875 0.0439453125 0.0654296875
0 0.376953125 0.2138671875 0.0302734375 0.0458984375
0 0.3642578125 0.1455078125 0.0205078125 0.0322265625
0 0.4208984375 0.2021484375 0.025390625 0.044921875
0 0.396484375 0.1435546875 0.0185546875 0.0361328125
0 0.384765625 0.08984375 0.033203125 0.0537109375
