0 0.169921875 0.263671875 0.04638671875 0.0625
0 0.298828125 0.3544921875 0.18359375 0.16796875
0 0.38671875 0.3515625 0.07080078125 0.10205078125
0 0.583984375 0.41796875 0.15576171875 0.10205078125
0 0.1845703125 0.5439453125 0.228515625 0.31640625
0 0.8583984375 0.2119140625 0.037109375 0.04931640625
0 0.7666015625 0.193359375 0.033203125 0.05029296875
0 0.73828125 0.2724609375 0.05126953125 0.07177734375
0 0.798828125 0.1748046875 0.03466796875 0.044921875
0 0.9072265625 0.1162109375 0.025390625 0.04052734375
0 0.958984375 0.337890625 0.0263671875 0.11767578125
0 0.611328125 0.3232421875 0.0263671875 0.087890625
0 0.658203125 0.318359375 0.0263671875 0.0966796875
0 0.685546875 0.384765625 0.03466796875 0.1201171875
