0 0.1689453125 0.26171875 0.056640625 0.05859375
0 0.8974609375 0.12109375 0.025390625 0.0361328125
0 0.8466796875 0.224609375 0.0390625 0.05859375
0 0.7646484375 0.1953125 0.037109375 0.05859375
0 0.798828125 0.171875 0.0400390625 0.0419921875
0 0.728515625 0.2822265625 0.056640625 0.078125
0 0.318359375 0.3603515625 0.1943359375 0.1806640625
0 0.1845703125 0.544921875 0.236328125 0.3134765625
0 0.93359375 0.3330078125 0.0283203125 0.1181640625
0 0.6357421875 0.3271484375 0.021484375 0.095703125
0 0.693359375 0.3232421875 0.0283203125 0.0947265625
0 0.65234375 0.49609375 0.029296875 0.1513671875
0 0.6689453125 0.43359375 0.19140625 0.1552734375
