0 0.0380859375 0.578125 0.076171875 0.1552734375
0 0.3037109375 0.4521484375 0.09765625 0.140625
0 0.4130859375 0.361328125 0.0712890625 0.107421875
0 0.431640625 0.228515625 0.0517578125 0.095703125
0 0.4912109375 0.197265625 0.0625 0.0712890625
0 0.326171875 0.2099609375 0.05078125 0.0830078125
0 0.1865234375 0.23828125 0.0517578125 0.08203125
0 0.921875 0.53125 0.15625 0.1865234375
0 0.8515625 0.669921875 0.2158203125 0.2412109375
0 0.6962890625 0.5869140625 0.1083984375 0.171875
0 0.9267578125 0.3408203125 0.1455078125 0.1611328125
0 0.8046875 0.232421875 0.056640625 0.078125
0 0.7080078125 0.154296875 0.037109375 0.052734375
0 0.6416015625 0.16015625 0.0283203125 0.048828125
0 0.5439453125 0.1337890625 0.0302734375 0.0498046875
0 0.4990234375 0.1318359375 0.0302734375 0.0458984375
0 0.63671875 0.10546875 0.029296875 0.044921875
0 0.66796875 0.107421875 0.0419921875 0.078125
0 0.716796875 0.0947265625 0.02734375 0.0322265625
0 0.6181640625 0.0986328125 0.0283203125 0.0419921875
0 0.4765625 0.1005859375 0.046875 0.095703125
