0 0.76171875 0.5634765625 0.03125 0.17724609375
0 0.767578125 0.3857421875 0.0263671875 0.13525390625
0 0.794921875 0.517578125 0.0283203125 0.1748046875
0 0.6787109375 0.625 0.095703125 0.2421875
0 0.8642578125 0.6533203125 0.158203125 0.23291015625
0 0.2431640625 0.8125 0.11083984375 0.3671875
0 0.087890625 0.2333984375 0.03955078125 0.111328125
0 0.498046875 0.8115234375 0.25830078125 0.3671875
0 0.44921875 0.4248046875 0.21875 0.18505859375
0 0.486328125 0.2841796875 0.13623046875 0.13525390625
0 0.216796875 0.2919921875 0.07373046875 0.146484375
