0 0.119140625 0.27734375 0.1015625 0.0859375
0 0.3037109375 0.384765625 0.076171875 0.16064453125
0 0.361328125 0.578125 0.16455078125 0.16455078125
0 0.900390625 0.3857421875 0.1376953125 0.11865234375
0 0.595703125 0.7080078125 0.18017578125 0.283203125
0 0.765625 0.638671875 0.15673828125 0.19091796875
0 0.5634765625 0.4140625 0.087890625 0.1162109375
0 0.498046875 0.3212890625 0.0625 0.07275390625
0 0.365234375 0.2978515625 0.0498046875 0.08349609375
0 0.453125 0.2412109375 0.046875 0.12255859375
0 0.3740234375 0.236328125 0.03515625 0.05859375
0 0.369140625 0.1630859375 0.0263671875 0.033203125
0 0.412109375 0.1787109375 0.02783203125 0.04052734375
0 0.384765625 0.1044921875 0.02294921875 0.025390625
0 0.361328125 0.1025390625 0.01904296875 0.025390625
