0 0.1181640625 0.2734375 0.103515625 0.09423828125
0 0.935546875 0.8974609375 0.12841796875 0.205078125
0 0.90625 0.37890625 0.1494140625 0.12548828125
0 0.681640625 0.5263671875 0.1201171875 0.14697265625
0 0.6591796875 0.826171875 0.212890625 0.33984375
0 0.35546875 0.580078125 0.1640625 0.1689453125
0 0.525390625 0.3662109375 0.0751953125 0.091796875
0 0.48828125 0.2958984375 0.05126953125 0.07568359375
0 0.4501953125 0.236328125 0.04541015625 0.09814453125
0 0.369140625 0.3046875 0.0517578125 0.0859375
0 0.3154296875 0.4072265625 0.09130859375 0.1640625
0 0.357421875 0.220703125 0.0419921875 0.0517578125
0 0.361328125 0.14453125 0.0263671875 0.0322265625
0 0.3955078125 0.146484375 0.02099609375 0.04248046875
0 0.359375 0.107421875 0.0234375 0.0341796875
0 0.376953125 0.072265625 0.0263671875 0.0439453125
