0 0.1083984375 0.2041015625 0.041015625 0.08203125
0 0.1357421875 0.25390625 0.060546875 0.0830078125
0 0.2197265625 0.1875 0.044921875 0.08203125
0 0.2900390625 0.3115234375 0.0712890625 0.1318359375
0 0.2880859375 0.2080078125 0.056640625 0.0615234375
0 0.513671875 0.421875 0.1923828125 0.1357421875
0 0.404296875 0.2470703125 0.0625 0.099609375
0 0.4921875 0.1826171875 0.037109375 0.05859375
0 0.4501953125 0.0947265625 0.0556640625 0.0830078125
0 0.560546875 0.1044921875 0.03515625 0.0458984375
0 0.69140625 0.31640625 0.087890625 0.138671875
0 0.7919921875 0.236328125 0.060546875 0.087890625
0 0.62109375 0.9482421875 0.240234375 0.1025390625
0 0.017578125 0.607421875 0.0341796875 0.142578125
0 0.6796875 0.6025390625 0.11328125 0.173828125
0 0.8212890625 0.6865234375 0.1962890625 0.287109375
0 0.6767578125 0.1572265625 0.0517578125 0.05859375
0 0.6337890625 0.1142578125 0.033203125 0.044921875
0 0.6748046875 0.0830078125 0.046875 0.0732421875
0 0.330078125 0.1240234375 0.0439453125 0.05859375
0 0.498046875 0.080078125 0.0439453125 0.078125
