0 0.0380859375 0.578125 0.076171875 0.15576171875
0 0.3037109375 0.4521484375 0.09765625 0.140625
0 0.4130859375 0.361328125 0.07177734375 0.1064453125
0 0.431640625 0.228515625 0.05126953125 0.0966796875
0 0.4912109375 0.197265625 0.0625 0.07080078125
0 0.326171875 0.2099609375 0.05078125 0.08349609375
0 0.1865234375 0.23828125 0.05224609375 0.08203125
0 0.921875 0.53125 0.15625 0.18701171875
0 0.8515625 0.669921875 0.21533203125 0.24169921875
0 0.6962890625 0.5869140625 0.10791015625 0.171875
0 0.9267578125 0.3408203125 0.14599609375 0.16162109375
0 0.8046875 0.232421875 0.0556640625 0.078125
0 0.7080078125 0.154296875 0.037109375 0.0517578125
0 0.6416015625 0.16015625 0.02880859375 0.0478515625
0 0.5439453125 0.1337890625 0.02978515625 0.04931640625
0 0.4990234375 0.1318359375 0.02978515625 0.04541015625
0 0.63671875 0.10546875 0.0302734375 0.0458984375
0 0.66796875 0.107421875 0.04248046875 0.078125
0 0.716796875 0.0947265625 0.02734375 0.03271484375
0 0.6181640625 0.0986328125 0.02880859375 0.04150390625
0 0.4765625 0.1005859375 0.046875 0.095703125
