0 0.2158203125 0.6484375 0.11962890625 0.21484375
0 0.59375 0.3349609375 0.15966796875 0.10302734375
0 0.78515625 0.240234375 0.05078125 0.0859375
0 0.421875 0.2236328125 0.0615234375 0.08984375
0 0.27734375 0.2138671875 0.0556640625 0.08349609375
0 0.228515625 0.2490234375 0.0986328125 0.08984375
0 0.197265625 0.3349609375 0.07373046875 0.12744140625
0 0.1201171875 0.2431640625 0.072265625 0.08349609375
0 0.439453125 0.0986328125 0.0517578125 0.087890625
0 0.53125 0.125 0.04248046875 0.06591796875
0 0.6328125 0.1044921875 0.0380859375 0.05859375
0 0.58203125 0.0966796875 0.03466796875 0.05322265625
0 0.501953125 0.19921875 0.04248046875 0.08251953125
0 0.490234375 0.1123046875 0.02783203125 0.056640625
0 0.4658203125 0.2021484375 0.041015625 0.08203125
0 0.8134765625 0.705078125 0.212890625 0.25830078125
0 0.66796875 0.607421875 0.11328125 0.1923828125
