0 0.1220703125 0.2421875 0.130859375 0.15673828125
0 0.2861328125 0.7421875 0.08447265625 0.17626953125
0 0.263671875 0.5703125 0.06640625 0.1953125
0 0.3740234375 0.62109375 0.099609375 0.19091796875
0 0.7314453125 0.603515625 0.05224609375 0.1923828125
0 0.76953125 0.4140625 0.05126953125 0.16845703125
0 0.8935546875 0.5126953125 0.05322265625 0.1796875
0 0.7978515625 0.1796875 0.04052734375 0.10888671875
0 0.59375 0.1376953125 0.04638671875 0.10791015625
0 0.9560546875 0.427734375 0.064453125 0.14404296875
