0 0.09375 0.2080078125 0.044921875 0.0751953125
0 0.123046875 0.2529296875 0.07421875 0.08203125
0 0.2294921875 0.236328125 0.107421875 0.0830078125
0 0.2802734375 0.2119140625 0.0556640625 0.0712890625
0 0.201171875 0.3232421875 0.0791015625 0.111328125
0 0.21484375 0.6025390625 0.1142578125 0.2109375
0 0.7861328125 0.2412109375 0.0556640625 0.091796875
0 0.6650390625 0.607421875 0.115234375 0.1806640625
0 0.80859375 0.6962890625 0.2197265625 0.2470703125
0 0.5908203125 0.330078125 0.154296875 0.0986328125
0 0.427734375 0.224609375 0.072265625 0.0830078125
0 0.49609375 0.1953125 0.033203125 0.06640625
0 0.443359375 0.0908203125 0.0537109375 0.0732421875
0 0.53515625 0.1015625 0.0419921875 0.078125
0 0.4970703125 0.10546875 0.0283203125 0.056640625
0 0.6298828125 0.1005859375 0.03515625 0.05859375
0 0.6875 0.1005859375 0.0322265625 0.0537109375
0 0.587890625 0.0947265625 0.0322265625 0.0615234375
