0 0.6962890625 0.890625 0.259765625 0.21875
0 0.0888671875 0.6796875 0.068359375 0.1875
0 0.041015625 0.72265625 0.0771484375 0.1572265625
0 0.1787109375 0.6357421875 0.0498046875 0.166015625
0 0.2216796875 0.6171875 0.0478515625 0.1494140625
0 0.345703125 0.5771484375 0.0517578125 0.181640625
0 0.3955078125 0.5732421875 0.0537109375 0.1875
0 0.5087890625 0.3466796875 0.0810546875 0.1708984375
0 0.1533203125 0.537109375 0.21484375 0.1875
0 0.83203125 0.4609375 0.033203125 0.1630859375
0 0.5693359375 0.3916015625 0.033203125 0.138671875
