0 0.67578125 0.4716796875 0.05517578125 0.19677734375
0 0.8203125 0.5029296875 0.0478515625 0.22412109375
0 0.767578125 0.8623046875 0.27392578125 0.275390625
0 0.796875 0.2939453125 0.1103515625 0.173828125
0 0.6142578125 0.390625 0.103515625 0.16455078125
0 0.2841796875 0.498046875 0.111328125 0.19873046875
0 0.392578125 0.2607421875 0.10498046875 0.18896484375
0 0.5146484375 0.279296875 0.05859375 0.11767578125
0 0.59375 0.2431640625 0.078125 0.10302734375
0 0.228515625 0.330078125 0.06640625 0.1142578125
0 0.298828125 0.33984375 0.0341796875 0.1181640625
0 0.326171875 0.3974609375 0.04736328125 0.13134765625
0 0.880859375 0.2734375 0.0234375 0.10888671875
0 0.25 0.353515625 0.03466796875 0.0751953125
