0 0.1845703125 0.5439453125 0.2451171875 0.3212890625
0 0.5283203125 0.419921875 0.154296875 0.099609375
0 0.74609375 0.263671875 0.0458984375 0.0712890625
0 0.767578125 0.193359375 0.0390625 0.0458984375
0 0.796875 0.171875 0.0283203125 0.0419921875
0 0.865234375 0.197265625 0.033203125 0.0419921875
0 0.9150390625 0.11328125 0.025390625 0.033203125
0 0.3779296875 0.34765625 0.0927734375 0.095703125
0 0.27734375 0.3544921875 0.1826171875 0.1552734375
0 0.9765625 0.3447265625 0.0283203125 0.1025390625
0 0.6025390625 0.3212890625 0.025390625 0.099609375
0 0.640625 0.3173828125 0.02734375 0.0986328125
0 0.736328125 0.3310546875 0.029296875 0.1044921875
