0 0.3212890625 0.3623046875 0.19140625 0.17724609375
0 0.5712890625 0.783203125 0.13671875 0.06982421875
0 0.880859375 0.3291015625 0.0263671875 0.099609375
0 0.75 0.326171875 0.02783203125 0.10205078125
0 0.6796875 0.3232421875 0.02783203125 0.091796875
0 0.166015625 0.2607421875 0.05859375 0.07275390625
0 0.1796875 0.5458984375 0.2353515625 0.32177734375
0 0.7138671875 0.4443359375 0.15478515625 0.11865234375
0 0.39453125 0.3408203125 0.06640625 0.07275390625
0 0.8828125 0.1376953125 0.02783203125 0.03662109375
0 0.796875 0.1708984375 0.03173828125 0.03662109375
0 0.767578125 0.193359375 0.03515625 0.05419921875
0 0.8271484375 0.2451171875 0.037109375 0.06640625
0 0.71875 0.2822265625 0.0537109375 0.078125
