0 0.3525390625 0.5732421875 0.1669921875 0.1611328125
0 0.56640625 0.6591796875 0.162109375 0.2412109375
0 0.5859375 0.4326171875 0.1025390625 0.107421875
0 0.90625 0.384765625 0.150390625 0.1279296875
0 0.814453125 0.705078125 0.173828125 0.203125
0 0.30078125 0.37109375 0.076171875 0.1552734375
0 0.50390625 0.33203125 0.0576171875 0.0986328125
0 0.458984375 0.2529296875 0.05078125 0.107421875
0 0.365234375 0.2900390625 0.048828125 0.078125
0 0.3740234375 0.232421875 0.03515625 0.05859375
0 0.369140625 0.1591796875 0.021484375 0.033203125
0 0.359375 0.1005859375 0.0205078125 0.029296875
0 0.3798828125 0.080078125 0.0234375 0.0458984375
0 0.4140625 0.1865234375 0.0224609375 0.037109375
0 0.3994140625 0.142578125 0.025390625 0.033203125
0 0.4296875 0.224609375 0.02734375 0.0537109375
