0 0.677734375 0.1455078125 0.09033203125 0.06396484375
0 0.296875 0.044921875 0.0380859375 0.0732421875
0 0.349609375 0.037109375 0.06640625 0.07421875
0 0.9296875 0.2353515625 0.07080078125 0.08984375
0 0.9765625 0.21484375 0.046875 0.0712890625
0 0.873046875 0.294921875 0.02294921875 0.0888671875
0 0.96484375 0.4599609375 0.0302734375 0.08984375
0 0.478515625 0.611328125 0.02392578125 0.10498046875
0 0.423828125 0.5654296875 0.02294921875 0.08349609375
0 0.3662109375 0.6181640625 0.03271484375 0.1015625
0 0.2470703125 0.1474609375 0.01953125 0.06396484375
0 0.2509765625 0.216796875 0.02734375 0.0751953125
0 0.6435546875 0.0908203125 0.0234375 0.07177734375
0 0.654296875 0.095703125 0.01953125 0.06982421875
