0 0.337890625 0.5654296875 0.15576171875 0.16552734375
0 0.521484375 0.5947265625 0.15576171875 0.21728515625
0 0.6279296875 0.48828125 0.109375 0.1318359375
0 0.9013671875 0.38671875 0.15380859375 0.13232421875
0 0.9169921875 0.8447265625 0.166015625 0.263671875
0 0.517578125 0.3564453125 0.0673828125 0.087890625
0 0.298828125 0.3623046875 0.07080078125 0.12646484375
0 0.115234375 0.2744140625 0.1142578125 0.091796875
0 0.3623046875 0.27734375 0.044921875 0.07373046875
0 0.46484375 0.271484375 0.0615234375 0.1142578125
0 0.376953125 0.2294921875 0.03466796875 0.052734375
0 0.380859375 0.0830078125 0.0234375 0.044921875
0 0.427734375 0.228515625 0.02783203125 0.05029296875
0 0.4013671875 0.150390625 0.02880859375 0.0283203125
0 0.359375 0.1357421875 0.0234375 0.03662109375
0 0.365234375 0.158203125 0.0234375 0.03955078125
0 0.416015625 0.193359375 0.0263671875 0.0439453125
