0 0.18359375 0.548828125 0.2333984375 0.322265625
0 0.66015625 0.42578125 0.189453125 0.1513671875
0 0.3193359375 0.35546875 0.185546875 0.181640625
0 0.3896484375 0.33984375 0.076171875 0.0791015625
0 0.16796875 0.26171875 0.052734375 0.0537109375
0 0.7314453125 0.2763671875 0.0537109375 0.0712890625
0 0.8466796875 0.2197265625 0.037109375 0.06640625
0 0.767578125 0.193359375 0.041015625 0.0419921875
0 0.7978515625 0.173828125 0.0322265625 0.0419921875
0 0.90234375 0.12109375 0.025390625 0.0400390625
0 0.9375 0.337890625 0.02734375 0.099609375
0 0.630859375 0.3193359375 0.0302734375 0.08203125
0 0.6875 0.3134765625 0.0283203125 0.0986328125
