0 0.41796875 0.5546875 0.04638671875 0.14111328125
0 0.478515625 0.60546875 0.03564453125 0.13330078125
0 0.369140625 0.6142578125 0.03466796875 0.12744140625
0 0.25 0.2236328125 0.02001953125 0.08447265625
0 0.244140625 0.1376953125 0.02685546875 0.08837890625
0 0.646484375 0.0966796875 0.0185546875 0.068359375
0 0.65625 0.095703125 0.0244140625 0.0908203125
0 0.87109375 0.2958984375 0.0234375 0.11474609375
0 0.96484375 0.4599609375 0.0244140625 0.080078125
0 0.9765625 0.4912109375 0.0234375 0.0859375
0 0.92578125 0.2373046875 0.0693359375 0.078125
0 0.974609375 0.2080078125 0.04736328125 0.08837890625
0 0.8193359375 0.1474609375 0.06640625 0.080078125
0 0.5419921875 0.19921875 0.078125 0.10546875
0 0.3017578125 0.060546875 0.041015625 0.09423828125
0 0.3486328125 0.03515625 0.052734375 0.0703125
