0 0.072265625 0.3857421875 0.06591796875 0.14599609375
0 0.4599609375 0.611328125 0.2109375 0.31201171875
0 0.44921875 0.4169921875 0.16064453125 0.18212890625
0 0.560546875 0.3212890625 0.15283203125 0.18212890625
0 0.783203125 0.3759765625 0.20703125 0.28662109375
0 0.8056640625 0.220703125 0.11865234375 0.13330078125
0 0.9638671875 0.1708984375 0.07177734375 0.140625
0 0.8916015625 0.15234375 0.080078125 0.10888671875
0 0.6279296875 0.2158203125 0.02880859375 0.10400390625
0 0.5771484375 0.208984375 0.03271484375 0.06982421875
0 0.5302734375 0.181640625 0.02978515625 0.08935546875
0 0.2177734375 0.2607421875 0.046875 0.068359375
0 0.267578125 0.224609375 0.0390625 0.0654296875
