0 0.3271484375 0.4033203125 0.0986328125 0.17578125
0 0.728515625 0.4384765625 0.1982421875 0.234375
0 0.947265625 0.373046875 0.1044921875 0.240234375
0 0.615234375 0.2724609375 0.119140625 0.173828125
0 0.751953125 0.19921875 0.0849609375 0.11328125
0 0.478515625 0.27734375 0.0986328125 0.140625
0 0.345703125 0.3232421875 0.091796875 0.1328125
0 0.3955078125 0.3134765625 0.0322265625 0.1416015625
0 0.2119140625 0.240234375 0.0380859375 0.0673828125
0 0.2626953125 0.2119140625 0.0322265625 0.0673828125
