0 0.7978515625 0.447265625 0.228515625 0.1484375
0 0.810546875 0.7060546875 0.2265625 0.271484375
0 0.6787109375 0.6162109375 0.134765625 0.177734375
0 0.255859375 0.423828125 0.09033203125 0.1796875
0 0.3193359375 0.326171875 0.083984375 0.1142578125
0 0.650390625 0.2529296875 0.0703125 0.09912109375
0 0.7861328125 0.2431640625 0.052734375 0.083984375
0 0.3662109375 0.220703125 0.041015625 0.0546875
0 0.458984375 0.208984375 0.046875 0.05126953125
0 0.2744140625 0.212890625 0.05224609375 0.0732421875
0 0.1923828125 0.244140625 0.09130859375 0.0751953125
0 0.1240234375 0.248046875 0.06005859375 0.0703125
