0 0.2138671875 0.626953125 0.11962890625 0.21044921875
0 0.203125 0.3251953125 0.0634765625 0.10791015625
0 0.091796875 0.2041015625 0.0498046875 0.0859375
0 0.125 0.244140625 0.07861328125 0.08203125
0 0.275390625 0.2138671875 0.05859375 0.07177734375
0 0.224609375 0.2529296875 0.10498046875 0.08203125
0 0.3154296875 0.1240234375 0.04052734375 0.05322265625
0 0.4267578125 0.2265625 0.060546875 0.08251953125
0 0.466796875 0.2080078125 0.0498046875 0.06640625
0 0.50390625 0.193359375 0.0478515625 0.06591796875
0 0.599609375 0.33203125 0.15673828125 0.1083984375
0 0.7861328125 0.240234375 0.052734375 0.0859375
0 0.669921875 0.607421875 0.1201171875 0.17626953125
0 0.8095703125 0.7080078125 0.220703125 0.25390625
0 0.6337890625 0.0966796875 0.03515625 0.0625
0 0.5341796875 0.1171875 0.044921875 0.06640625
0 0.5869140625 0.09765625 0.03271484375 0.0556640625
0 0.689453125 0.103515625 0.0283203125 0.06201171875
0 0.4423828125 0.080078125 0.05322265625 0.07470703125
