0 0.091796875 0.30078125 0.0517578125 0.0673828125
0 0.466796875 0.4013671875 0.0693359375 0.0869140625
0 0.615234375 0.4326171875 0.0751953125 0.1005859375
0 0.943359375 0.544921875 0.087890625 0.123046875
0 0.7919921875 0.490234375 0.033203125 0.111328125
0 0.8544921875 0.49609375 0.037109375 0.109375
0 0.724609375 0.4677734375 0.03515625 0.1005859375
0 0.5205078125 0.4365234375 0.0400390625 0.091796875
0 0.4482421875 0.4697265625 0.037109375 0.1162109375
0 0.0654296875 0.46484375 0.0419921875 0.10546875
0 0.0771484375 0.4111328125 0.0400390625 0.0849609375
