0 0.4765625 0.189453125 0.04638671875 0.078125
0 0.515625 0.2421875 0.0849609375 0.08984375
0 0.59375 0.3349609375 0.15673828125 0.12255859375
0 0.7890625 0.2451171875 0.05419921875 0.08349609375
0 0.623046875 0.1337890625 0.0361328125 0.056640625
0 0.6650390625 0.103515625 0.037109375 0.0517578125
0 0.5615234375 0.0859375 0.04150390625 0.06640625
0 0.4970703125 0.1123046875 0.03369140625 0.052734375
0 0.443359375 0.08984375 0.0576171875 0.0947265625
0 0.3154296875 0.12109375 0.03515625 0.0556640625
0 0.673828125 0.619140625 0.12060546875 0.1923828125
0 0.8095703125 0.69921875 0.23193359375 0.24609375
0 0.2216796875 0.392578125 0.08349609375 0.12548828125
0 0.216796875 0.240234375 0.08544921875 0.07373046875
0 0.287109375 0.2919921875 0.08251953125 0.091796875
0 0.279296875 0.2119140625 0.06689453125 0.06640625
0 0.0927734375 0.2138671875 0.060546875 0.07958984375
0 0.1259765625 0.2509765625 0.07958984375 0.0859375
