0 0.6337890625 0.7333984375 0.212890625 0.2939453125
0 0.7919921875 0.29296875 0.1064453125 0.154296875
0 0.5703125 0.373046875 0.091796875 0.1669921875
0 0.2578125 0.4306640625 0.0986328125 0.1396484375
0 0.2177734375 0.3046875 0.05859375 0.1005859375
0 0.205078125 0.177734375 0.083984375 0.146484375
0 0.3720703125 0.24609375 0.1015625 0.2177734375
0 0.48828125 0.2587890625 0.0498046875 0.125
0 0.583984375 0.2373046875 0.0810546875 0.10546875
0 0.958984375 0.4443359375 0.060546875 0.2021484375
0 0.755859375 0.44140625 0.0556640625 0.1826171875
0 0.63671875 0.4306640625 0.0537109375 0.1865234375
0 0.337890625 0.3857421875 0.041015625 0.1220703125
0 0.275390625 0.3134765625 0.0244140625 0.107421875
0 0.8828125 0.27734375 0.025390625 0.1318359375
0 0.2998046875 0.3740234375 0.041015625 0.1083984375
