0 0.3076171875 0.3037109375 0.076171875 0.1181640625
0 0.142578125 0.2412109375 0.0556640625 0.0751953125
0 0.1103515625 0.2060546875 0.0341796875 0.08203125
0 0.2265625 0.189453125 0.046875 0.08203125
0 0.2900390625 0.2060546875 0.06640625 0.107421875
0 0.4150390625 0.244140625 0.0673828125 0.0986328125
0 0.3330078125 0.123046875 0.037109375 0.044921875
0 0.4892578125 0.4169921875 0.1767578125 0.134765625
0 0.701171875 0.33203125 0.08984375 0.140625
0 0.79296875 0.236328125 0.048828125 0.0732421875
0 0.6865234375 0.15625 0.0517578125 0.056640625
0 0.4970703125 0.1787109375 0.0419921875 0.0498046875
0 0.541015625 0.9013671875 0.2587890625 0.193359375
0 0.0205078125 0.6005859375 0.0400390625 0.115234375
0 0.6845703125 0.5947265625 0.1416015625 0.1640625
0 0.8095703125 0.6826171875 0.2265625 0.2587890625
0 0.4560546875 0.0869140625 0.05078125 0.08984375
0 0.568359375 0.1044921875 0.0322265625 0.0498046875
0 0.634765625 0.115234375 0.033203125 0.05859375
0 0.6728515625 0.087890625 0.0439453125 0.0751953125
