0 0.0712890625 0.361328125 0.13525390625 0.17626953125
0 0.248046875 0.2841796875 0.1640625 0.13525390625
0 0.373046875 0.2158203125 0.1513671875 0.166015625
0 0.494140625 0.201171875 0.09375 0.1015625
0 0.552734375 0.1494140625 0.1064453125 0.13818359375
0 0.80859375 0.1962890625 0.09814453125 0.095703125
0 0.6650390625 0.1220703125 0.06787109375 0.0703125
0 0.794921875 0.0791015625 0.0654296875 0.056640625
0 0.166015625 0.5556640625 0.0908203125 0.259765625
0 0.2119140625 0.185546875 0.03662109375 0.09033203125
0 0.4384765625 0.5537109375 0.24755859375 0.392578125
0 0.607421875 0.458984375 0.28466796875 0.328125
