0 0.119140625 0.27734375 0.1015625 0.0859375
0 0.3037109375 0.384765625 0.076171875 0.1611328125
0 0.361328125 0.578125 0.1650390625 0.1650390625
0 0.900390625 0.3857421875 0.138671875 0.1181640625
0 0.595703125 0.7080078125 0.1806640625 0.283203125
0 0.765625 0.638671875 0.1572265625 0.1904296875
0 0.5634765625 0.4140625 0.087890625 0.115234375
0 0.498046875 0.3212890625 0.0625 0.0732421875
0 0.365234375 0.2978515625 0.048828125 0.0830078125
0 0.453125 0.2412109375 0.046875 0.1220703125
0 0.3740234375 0.236328125 0.03515625 0.05859375
0 0.369140625 0.1630859375 0.025390625 0.033203125
0 0.412109375 0.1787109375 0.0283203125 0.0400390625
0 0.384765625 0.1044921875 0.0224609375 0.025390625
0 0.361328125 0.1025390625 0.0185546875 0.025390625
