0 0.357421875 0.345703125 0.103515625 0.0830078125
0 0.447265625 0.416015625 0.142578125 0.08984375
0 0.1875 0.5517578125 0.2412109375 0.3095703125
0 0.23046875 0.3291015625 0.1689453125 0.1181640625
0 0.767578125 0.19140625 0.0341796875 0.0400390625
0 0.87890625 0.1865234375 0.0283203125 0.037109375
0 0.7587890625 0.2490234375 0.046875 0.0654296875
0 0.7958984375 0.169921875 0.0302734375 0.033203125
0 0.798828125 0.2607421875 0.021484375 0.0654296875
0 0.630859375 0.314453125 0.02734375 0.095703125
0 0.587890625 0.3212890625 0.0322265625 0.099609375
