0 0.88671875 0.259765625 0.0166015625 0.0654296875
0 0.81640625 0.630859375 0.0576171875 0.2109375
0 0.7978515625 0.35546875 0.02734375 0.111328125
0 0.771484375 0.33984375 0.0224609375 0.0869140625
0 0.45703125 0.3173828125 0.0234375 0.1201171875
0 0.8642578125 0.3994140625 0.0341796875 0.1005859375
0 0.5703125 0.7451171875 0.2138671875 0.3349609375
0 0.6064453125 0.3740234375 0.119140625 0.1220703125
0 0.7578125 0.3173828125 0.0185546875 0.087890625
0 0.9296875 0.2353515625 0.02734375 0.0478515625
