0 0.90234375 0.37890625 0.15234375 0.11767578125
0 0.69921875 0.5419921875 0.1337890625 0.16162109375
0 0.951171875 0.91015625 0.09765625 0.17626953125
0 0.6396484375 0.80078125 0.21630859375 0.3291015625
0 0.3583984375 0.572265625 0.17041015625 0.16796875
0 0.314453125 0.400390625 0.09033203125 0.16015625
0 0.1171875 0.2763671875 0.11767578125 0.095703125
0 0.533203125 0.37890625 0.0830078125 0.09814453125
0 0.3671875 0.306640625 0.0556640625 0.08251953125
0 0.48828125 0.3037109375 0.05126953125 0.08349609375
0 0.451171875 0.236328125 0.05078125 0.0986328125
0 0.3740234375 0.2451171875 0.046875 0.05859375
0 0.3701171875 0.171875 0.025390625 0.0380859375
0 0.3603515625 0.1474609375 0.025390625 0.04052734375
0 0.3837890625 0.1025390625 0.021484375 0.033203125
0 0.4091796875 0.1728515625 0.025390625 0.044921875
