0 0.93359375 0.4052734375 0.10546875 0.25244140625
0 0.9501953125 0.294921875 0.099609375 0.1875
0 0.7861328125 0.4462890625 0.26318359375 0.33203125
0 0.9638671875 0.1513671875 0.068359375 0.099609375
0 0.8896484375 0.154296875 0.072265625 0.12109375
0 0.2314453125 0.302734375 0.05322265625 0.09765625
0 0.2861328125 0.2431640625 0.04833984375 0.06787109375
0 0.56640625 0.482421875 0.1630859375 0.12841796875
0 0.7705078125 0.251953125 0.05322265625 0.1064453125
0 0.6884765625 0.26171875 0.041015625 0.0947265625
0 0.615234375 0.21484375 0.0341796875 0.1162109375
