0 0.216796875 0.2451171875 0.09326171875 0.08349609375
0 0.09375 0.2080078125 0.05517578125 0.07568359375
0 0.1220703125 0.2548828125 0.080078125 0.07275390625
0 0.287109375 0.28515625 0.06689453125 0.0869140625
0 0.3154296875 0.123046875 0.04052734375 0.0576171875
0 0.2783203125 0.2099609375 0.05859375 0.06103515625
0 0.40625 0.2421875 0.07080078125 0.078125
0 0.44140625 0.09765625 0.05517578125 0.08984375
0 0.591796875 0.3251953125 0.16015625 0.10791015625
0 0.751953125 0.3037109375 0.09033203125 0.099609375
0 0.7900390625 0.2431640625 0.05224609375 0.07177734375
0 0.6328125 0.1953125 0.0615234375 0.08251953125
0 0.5029296875 0.162109375 0.04150390625 0.06201171875
0 0.6025390625 0.0927734375 0.03271484375 0.05859375
0 0.650390625 0.1123046875 0.0361328125 0.044921875
0 0.4033203125 0.5537109375 0.169921875 0.181640625
0 0.421875 0.81640625 0.19482421875 0.32080078125
0 0.6669921875 0.611328125 0.130859375 0.1767578125
0 0.806640625 0.7021484375 0.2158203125 0.263671875
