0 0.5634765625 0.419921875 0.1572265625 0.1083984375
0 0.6533203125 0.3193359375 0.0224609375 0.0947265625
0 0.609375 0.3271484375 0.025390625 0.087890625
0 0.96484375 0.3349609375 0.02734375 0.107421875
0 0.7421875 0.2705078125 0.056640625 0.0751953125
0 0.7685546875 0.19140625 0.0439453125 0.0537109375
0 0.7998046875 0.171875 0.033203125 0.0458984375
0 0.861328125 0.205078125 0.0390625 0.05859375
0 0.384765625 0.349609375 0.080078125 0.08984375
0 0.2900390625 0.3544921875 0.185546875 0.16796875
0 0.1845703125 0.5498046875 0.2314453125 0.3037109375
0 0.912109375 0.11328125 0.025390625 0.037109375
0 0.705078125 0.3642578125 0.033203125 0.1220703125
0 0.1689453125 0.259765625 0.0517578125 0.0751953125
