0 0.216796875 0.1865234375 0.048828125 0.06640625
0 0.1298828125 0.244140625 0.0517578125 0.0693359375
0 0.1025390625 0.2080078125 0.0419921875 0.0791015625
0 0.2822265625 0.326171875 0.076171875 0.107421875
0 0.283203125 0.220703125 0.060546875 0.0947265625
0 0.39453125 0.2568359375 0.07421875 0.0947265625
0 0.3251953125 0.1240234375 0.0390625 0.05859375
0 0.447265625 0.0986328125 0.052734375 0.0751953125
0 0.498046875 0.078125 0.048828125 0.08203125
0 0.486328125 0.1875 0.0419921875 0.052734375
0 0.40625 0.1865234375 0.0458984375 0.0498046875
0 0.5361328125 0.427734375 0.212890625 0.134765625
0 0.685546875 0.310546875 0.091796875 0.1259765625
0 0.791015625 0.2392578125 0.0625 0.0791015625
0 0.671875 0.15625 0.056640625 0.056640625
0 0.5546875 0.107421875 0.033203125 0.0537109375
0 0.671875 0.6025390625 0.111328125 0.173828125
0 0.8154296875 0.6982421875 0.2216796875 0.2509765625
0 0.677734375 0.0888671875 0.046875 0.078125
