0 0.337890625 0.5703125 0.07861328125 0.20654296875
0 0.185546875 0.291015625 0.03955078125 0.10595703125
0 0.1826171875 0.5 0.13427734375 0.2431640625
0 0.359375 0.322265625 0.11279296875 0.16845703125
0 0.658203125 0.8544921875 0.0595703125 0.25244140625
0 0.5595703125 0.7119140625 0.04931640625 0.16259765625
0 0.7373046875 0.861328125 0.04833984375 0.2578125
0 0.59765625 0.544921875 0.17919921875 0.21484375
0 0.583984375 0.8203125 0.0654296875 0.23388671875
0 0.46484375 0.4140625 0.05859375 0.14111328125
0 0.7998046875 0.7958984375 0.060546875 0.24755859375
