0 0.310546875 0.3916015625 0.10107421875 0.16015625
0 0.33984375 0.314453125 0.0791015625 0.12890625
0 0.470703125 0.26953125 0.09326171875 0.12890625
0 0.603515625 0.2578125 0.10986328125 0.15966796875
0 0.689453125 0.396484375 0.1689453125 0.23828125
0 0.9169921875 0.3544921875 0.125 0.240234375
0 0.7431640625 0.19140625 0.080078125 0.10888671875
0 0.388671875 0.302734375 0.046875 0.13720703125
0 0.9638671875 0.1640625 0.072265625 0.1240234375
0 0.8916015625 0.1513671875 0.08349609375 0.11962890625
0 0.2119140625 0.2421875 0.03662109375 0.06298828125
