0 0.412109375 0.7900390625 0.19970703125 0.36083984375
0 0.2373046875 0.3974609375 0.08203125 0.13525390625
0 0.8203125 0.5166015625 0.14501953125 0.203125
0 0.7978515625 0.296875 0.10693359375 0.1572265625
0 0.6015625 0.33984375 0.0712890625 0.15283203125
0 0.4755859375 0.3173828125 0.138671875 0.25244140625
0 0.625 0.2802734375 0.08203125 0.123046875
0 0.2158203125 0.2314453125 0.10791015625 0.17041015625
0 0.3583984375 0.421875 0.04296875 0.1572265625
0 0.845703125 0.66015625 0.07470703125 0.27685546875
0 0.876953125 0.271484375 0.0263671875 0.13623046875
0 0.4375 0.4482421875 0.05517578125 0.07275390625
