0 0.6279296875 0.6533203125 0.185546875 0.25146484375
0 0.6171875 0.3642578125 0.1171875 0.119140625
0 0.8505859375 0.541015625 0.0390625 0.16748046875
0 0.806640625 0.34375 0.02392578125 0.09814453125
0 0.7822265625 0.3310546875 0.01953125 0.09375
0 0.7666015625 0.3056640625 0.02099609375 0.08056640625
0 0.45703125 0.3154296875 0.01904296875 0.11181640625
0 0.8779296875 0.408203125 0.02880859375 0.10107421875
0 0.888671875 0.2529296875 0.02001953125 0.06396484375
0 0.81640625 0.224609375 0.01904296875 0.05908203125
